6,128,81,0
6,51,64,0
6,73,113,0
6,160,77,0
6,196,216,0
6,51,65,0
6,51,66,0
6,110,144,0
6,227,85,0
6,72,113,0
6,51,67,0
6,177,125,0
6,127,80,0
6,51,68,0
6,164,174,0
6,72,114,0
6,51,69,0
6,178,122,0
4,197,113,0
6,79,115,0
6,52,64,0
6,75,111,0
6,163,83,0
6,194,216,0
6,52,65,0
6,131,80,0
6,52,66,0
6,131,82,0
6,74,111,0
6,159,84,0
6,52,67,0
6,52,68,0
6,223,83,0
6,168,171,0
6,70,114,0
6,52,69,0
6,180,120,0
6,132,83,0
6,53,64,0
6,75,109,0
6,202,223,0
6,53,65,0
6,145,155,0
6,179,120,0
6,160,103,0
6,53,66,0
6,179,186,0
6,74,115,0
6,79,112,0
6,159,85,0
6,94,148,0
6,53,67,0
4,182,117,0
6,125,86,0
6,196,220,0
6,53,68,0
6,79,116,0
6,75,113,0
6,161,85,0
6,225,92,0
6,193,210,0
6,159,95,0
6,53,69,0
6,78,117,0
6,54,64,0
6,119,93,0
6,227,95,0
6,74,113,0
6,54,65,0
6,74,112,0
6,173,119,0
6,138,156,0
6,129,86,0
6,163,96,0
6,54,66,0
6,120,97,0
6,175,177,0
2,81,104,0
6,72,115,0
6,208,123,0
6,54,67,0
2,87,111,0
6,169,122,0
2,84,106,0
4,186,117,0
6,75,114,0
6,54,68,0
6,84,118,0
6,163,97,0
6,161,86,0
2,79,109,0
6,191,210,0
6,73,115,0
6,54,69,0
6,120,98,0
6,129,90,0
6,55,64,0
6,83,118,0
6,70,105,0
6,163,86,0
6,132,149,0
4,203,112,0
6,55,65,0
6,220,105,0
6,50,156,0
6,55,66,0
6,116,99,0
6,192,198,0
6,227,91,0
6,70,109,0
6,201,234,0
6,133,70,0
6,111,99,0
6,129,71,0
6,173,181,0
6,49,156,0
2,88,108,0
6,70,115,0
6,50,155,0
6,192,213,0
6,55,67,0
6,68,111,0
6,181,191,0
6,174,121,0
6,126,85,0
6,161,90,0
6,55,68,0
4,197,115,0
6,84,116,0
6,71,107,0
6,225,85,0
6,55,69,0
6,117,100,0
6,128,70,0
6,173,121,0
6,56,64,0
6,74,116,0
6,186,188,0
6,165,77,0
6,205,233,0
6,188,192,0
6,56,65,0
6,164,100,0
6,51,156,0
6,124,91,0
6,179,126,0
6,144,159,0
6,56,66,0
6,199,126,0
6,129,68,0
6,114,106,0
6,121,100,0
6,90,147,0
6,77,112,0
6,158,170,0
4,179,117,0
6,161,78,0
6,191,200,0
2,79,110,0
4,189,120,0
6,73,116,0
6,188,191,0
6,194,201,0
6,56,67,0
6,85,145,0
6,127,153,0
6,122,97,0
6,56,68,0
6,77,116,0
6,132,67,0
6,222,98,0
6,121,94,0
6,130,68,0
6,76,112,0
6,217,112,0
6,131,147,0
6,99,112,0
6,56,69,0
6,168,174,0
6,165,118,0
6,166,111,0
6,125,94,0
6,210,121,0
6,51,70,0
6,99,116,0
6,216,113,0
6,126,95,0
14,242,255,1528694780
6,170,176,0
6,111,101,0
6,203,225,0
6,72,116,0
6,100,114,0
6,52,70,0
6,169,113,0
4,203,115,0
6,215,119,0
6,125,88,0
4,191,106,0
6,95,111,0
6,130,148,0
6,125,89,0
6,53,70,0
6,78,115,0
6,67,105,0
6,131,69,0
6,205,231,0
6,37,164,0
6,194,199,0
6,222,104,0
6,184,185,0
6,131,151,0
6,220,99,0
6,54,70,0
6,64,107,0
4,192,118,0
4,188,120,0
6,80,116,0
6,121,90,0
6,214,115,0
6,198,227,0
6,55,70,0
6,114,103,0
6,76,116,0
6,63,108,0
6,146,160,0
6,133,69,0
6,201,119,0
6,109,101,0
6,56,70,0
6,229,82,0
6,51,71,0
6,160,107,0
4,180,117,0
6,224,97,0
6,67,108,0
6,183,193,0
6,171,176,0
6,81,116,0
6,122,149,0
6,77,114,0
6,121,92,0
6,215,111,0
6,223,85,0
6,52,71,0
6,170,116,0
6,76,110,0
6,125,90,0
6,179,181,0
6,53,71,0
6,107,147,0
6,214,112,0
6,203,124,0
6,78,113,0
6,198,124,0
6,54,71,0
6,118,95,0
6,167,118,0
4,194,116,0
6,216,114,0
6,140,156,0
6,55,71,0
6,114,102,0
6,75,117,0
6,133,68,0
6,160,100,0
6,56,71,0
6,92,148,0
6,129,83,0
6,164,95,0
6,51,72,0
6,180,121,0
6,79,111,0
6,129,67,0
4,199,112,0
6,80,118,0
6,197,214,0
6,150,163,0
6,52,72,0
6,208,122,0
6,133,153,0
6,163,72,0
6,53,72,0
6,207,122,0
6,223,87,0
6,125,96,0
6,78,111,0
6,132,152,0
6,149,163,0
6,54,72,0
6,84,117,0
6,176,124,0
6,131,85,0
6,166,107,0
6,55,72,0
6,126,93,0
6,217,117,0
6,207,118,0
6,164,173,0
6,124,90,0
6,56,72,0
6,65,105,0
6,176,122,0
6,113,106,0
6,215,112,0
6,225,75,0
4,187,113,0
6,131,153,0
6,109,110,0
6,51,73,0
6,73,111,0
6,191,206,0
6,134,68,0
4,193,108,0
6,195,214,0
6,161,164,0
6,133,150,0
6,33,160,0
6,52,73,0
6,165,79,0
4,181,119,0
6,121,145,0
6,126,82,0
6,67,101,0
6,53,73,0
6,119,148,0
6,70,113,0
6,134,70,0
6,163,74,0
6,54,73,0
6,218,116,0
6,55,73,0
6,117,98,0
6,225,86,0
6,226,100,0
6,166,172,0
6,79,113,0
6,71,112,0
6,56,73,0
6,178,120,0
6,202,234,0
6,130,82,0
6,115,98,0
6,51,74,0
6,219,111,0
6,218,113,0
6,118,102,0
6,73,109,0
6,158,88,0
6,52,74,0
4,193,104,0
6,177,120,0
6,91,118,0
6,213,111,0
4,179,119,0
6,53,74,0
6,81,117,0
6,214,117,0
6,161,82,0
6,68,106,0
6,223,103,0
6,82,114,0
6,113,101,0
6,54,74,0
6,152,165,0
6,178,185,0
6,129,72,0
6,53,157,0
6,55,74,0
6,162,73,0
6,219,108,0
6,80,117,0
2,79,107,0
6,163,82,0
4,184,117,0
6,195,211,0
6,200,224,0
6,37,163,0
6,56,74,0
6,69,104,0
6,144,162,0
6,51,75,0
6,83,114,0
6,115,104,0
6,227,75,0
6,228,88,0
6,79,117,0
6,165,106,0
6,126,147,0
6,52,75,0
6,184,189,0
6,161,98,0
6,188,124,0
6,213,117,0
6,193,206,0
6,133,72,0
6,220,113,0
6,53,75,0
6,115,103,0
6,171,179,0
6,101,112,0
6,142,153,0
6,169,115,0
6,81,115,0
6,133,152,0
6,54,75,0
6,187,124,0
6,159,164,0
6,55,75,0
6,83,113,0
4,188,118,0
6,161,93,0
6,220,97,0
6,220,101,0
6,66,101,0
6,198,224,0
6,224,98,0
6,56,75,0
6,165,73,0
6,131,71,0
6,117,149,0
6,51,76,0
6,61,105,0
6,144,157,0
4,198,114,0
6,82,113,0
6,163,93,0
6,112,108,0
6,52,76,0
6,70,107,0
6,160,74,0
6,53,76,0
6,115,99,0
6,35,161,0
6,29,168,0
6,160,89,0
4,202,115,0
6,174,177,0
2,78,108,0
6,81,113,0
6,54,76,0
4,189,119,0
6,200,219,0
6,189,126,0
6,114,99,0
6,124,85,0
6,129,70,0
6,70,111,0
6,130,86,0
6,55,76,0
6,117,102,0
6,82,117,0
6,218,104,0
6,36,161,0
6,56,76,0
4,195,106,0
6,159,165,0
6,188,126,0
6,71,109,0
6,158,166,0
6,51,77,0
6,33,161,0
4,187,118,0
6,81,118,0
6,160,95,0
6,164,117,0
6,194,125,0
6,224,105,0
6,96,112,0
6,126,84,0
6,117,95,0
6,120,94,0
6,157,163,0
6,52,77,0
6,110,145,0
6,128,79,0
6,53,77,0
6,98,114,0
6,165,112,0
6,83,115,0
6,198,210,0
4,202,111,0
6,161,95,0
6,118,94,0
6,125,84,0
6,196,218,0
6,160,101,0
2,80,111,0
6,54,77,0
6,95,149,0
6,223,105,0
6,162,101,0
6,38,161,0
6,55,77,0
6,140,158,0
2,84,108,0
6,225,82,0
6,190,124,0
6,205,236,0
6,82,115,0
6,37,160,0
6,141,154,0
6,121,95,0
6,56,77,0
6,200,215,0
6,130,84,0
6,178,126,0
6,92,116,0
6,132,79,0
6,118,97,0
6,51,78,0
6,227,80,0
6,181,185,0
6,144,153,0
6,93,114,0
6,79,118,0
4,192,112,0
6,204,232,0
6,52,78,0
6,116,97,0
6,180,122,0
6,93,118,0
4,183,116,0
6,119,102,0
6,53,78,0
6,216,107,0
6,163,112,0
6,133,155,0
6,194,218,0
6,160,75,0
6,121,99,0
6,192,208,0
6,54,78,0
6,130,78,0
6,119,101,0
6,55,78,0
6,69,108,0
6,167,108,0
6,114,100,0
6,56,78,0
6,225,77,0
6,221,103,0
6,188,198,0
6,170,171,0
6,51,79,0
6,228,81,0
6,202,225,0
4,189,113,0
6,113,100,0
6,181,186,0
6,113,107,0
6,83,117,0
6,224,92,0
6,119,94,0
6,164,87,0
6,52,79,0
6,128,152,0
6,181,126,0
6,68,110,0
6,191,194,0
6,128,150,0
6,133,79,0
6,53,79,0
6,116,102,0
6,54,79,0
6,180,126,0
6,69,110,0
6,55,79,0
6,102,147,0
6,165,113,0
2,89,109,0
6,86,114,0
6,106,112,0
6,163,87,0
6,62,96,0
6,56,79,0
6,221,105,0
6,130,85,0
6,178,186,0
6,51,80,0
6,102,146,0
6,85,114,0
6,62,98,0
6,159,88,0
6,192,212,0
6,200,120,0
6,52,80,0
6,104,107,0
6,53,80,0
6,57,99,0
6,223,89,0
6,219,105,0
6,84,114,0
6,54,80,0
6,175,118,0
6,109,145,0
6,130,89,0
6,119,147,0
6,55,80,0
6,67,154,0
6,173,182,0
6,222,103,0
6,85,118,0
6,64,109,0
6,56,80,0
4,193,112,0
6,169,123,0
6,173,178,0
4,206,116,0
6,94,144,0
6,51,81,0
6,127,91,0
6,87,116,0
6,161,79,0
6,210,115,0
6,197,210,0
6,103,111,0
6,52,81,0
6,172,117,0
6,127,84,0
4,187,111,0
6,53,81,0
6,86,116,0
6,163,79,0
6,199,121,0
6,54,81,0
6,114,145,0
14,135,255,-317565962
6,55,81,0
6,160,102,0
6,182,189,0
6,226,88,0
6,95,112,0
6,131,149,0
6,177,179,0
6,175,124,0
6,224,99,0
6,85,116,0
6,228,93,0
6,163,105,0
6,56,81,0
6,106,149,0
6,161,172,0
6,176,120,0
6,185,187,0
6,90,149,0
6,125,83,0
6,68,109,0
14,175,255,251063140
6,51,82,0
6,87,114,0
6,130,69,0
6,52,82,0
6,224,86,0
6,175,120,0
6,59,95,0
6,164,107,0
6,53,82,0
6,98,112,0
6,69,147,0
6,88,118,0
6,159,78,0
6,54,82,0
6,70,106,0
6,131,75,0
6,204,234,0
6,55,82,0
6,166,115,0
6,77,147,0
6,87,118,0
6,105,111,0
6,180,184,0
6,159,80,0
6,223,92,0
6,165,104,0
6,201,217,0
6,104,113,0
6,160,108,0
6,56,82,0
6,76,149,0
6,179,183,0
6,51,83,0
6,179,184,0
6,173,177,0
6,229,78,0
6,60,98,0
6,86,118,0
6,52,83,0
6,177,178,0
6,185,126,0
6,103,108,0
6,129,74,0
6,160,91,0
6,162,110,0
6,53,83,0
6,105,114,0
6,53,155,0
6,172,176,0
6,88,116,0
6,54,83,0
6,209,118,0
6,184,126,0
4,195,111,0
6,55,83,0
6,126,153,0
6,80,115,0
6,111,106,0
6,159,81,0
6,61,103,0
6,223,107,0
6,107,104,0
6,199,222,0
6,188,197,0
6,56,83,0
4,200,113,0
6,133,74,0
6,207,117,0
6,52,84,0
6,142,157,0
6,162,75,0
6,77,117,0
6,108,103,0
6,161,81,0
6,98,111,0
6,53,84,0
6,111,107,0
6,54,84,0
6,225,76,0
6,223,98,0
6,171,178,0
6,162,92,0
6,94,113,0
6,88,114,0
6,129,91,0
4,183,119,0
6,55,84,0
6,198,120,0
6,187,122,0
6,125,95,0
6,107,111,0
6,131,73,0
6,179,185,0
6,56,84,0
6,106,107,0
6,158,168,0
6,80,113,0
6,93,117,0
6,185,186,0
6,57,79,0
6,60,89,0
6,196,209,0
6,186,122,0
6,124,95,0
6,94,118,0
6,57,80,0
6,128,85,0
6,119,99,0
6,130,70,0
6,118,145,0
6,57,81,0
6,183,192,0
6,108,112,0
6,67,102,0
6,58,100,0
6,117,147,0
6,57,82,0
6,107,112,0
6,166,105,0
6,94,117,0
6,57,83,0
6,218,105,0
6,160,92,0
6,59,101,0
6,111,147,0
6,162,96,0
6,128,76,0
6,57,84,0
6,175,121,0
6,115,96,0
6,65,101,0
6,52,85,0
6,196,211,0
6,67,106,0
6,176,181,0
6,159,94,0
6,173,183,0
6,225,79,0
6,61,97,0
6,53,85,0
4,194,114,0
2,80,103,0
6,54,85,0
6,104,112,0
6,182,183,0
6,172,115,0
6,160,170,0
6,228,91,0
6,66,106,0
6,55,85,0
6,165,109,0
6,63,100,0
6,119,96,0
6,201,222,0
6,56,85,0
6,133,67,0
6,181,188,0
6,109,105,0
6,63,99,0
2,80,104,0
6,57,85,0
6,199,219,0
6,163,111,0
6,189,192,0
6,52,86,0
6,111,145,0
6,222,109,0
6,64,98,0
6,64,99,0
6,158,98,0
6,225,91,0
6,189,196,0
6,106,104,0
6,53,86,0
6,59,102,0
6,120,99,0
6,110,107,0
6,54,86,0
6,61,101,0
6,158,93,0
6,163,94,0
6,92,113,0
6,190,194,0
6,162,104,0
6,55,86,0
6,56,86,0
6,59,92,0
6,63,97,0
6,57,86,0
6,204,229,0
6,161,111,0
6,91,117,0
6,126,94,0
6,125,91,0
6,53,87,0
6,92,118,0
6,64,97,0
6,127,86,0
6,54,87,0
6,171,181,0
6,169,119,0
6,107,145,0
6,55,87,0
6,83,146,0
6,226,98,0
6,64,102,0
6,227,94,0
6,162,89,0
6,109,146,0
6,56,87,0
6,29,165,0
6,123,89,0
6,132,81,0
6,57,87,0
6,64,101,0
6,57,96,0
6,158,97,0
6,58,82,0
6,167,168,0
4,188,116,0
6,187,125,0
6,58,83,0
6,58,96,0
6,179,188,0
6,189,121,0
6,63,101,0
6,192,121,0
6,58,84,0
4,196,116,0
6,167,119,0
6,195,126,0
6,122,88,0
6,114,149,0
6,58,85,0
6,175,184,0
6,100,115,0
6,62,102,0
6,196,122,0
6,58,86,0
6,72,111,0
6,189,204,0
6,166,120,0
6,130,90,0
6,108,146,0
6,58,87,0
6,132,69,0
6,225,95,0
6,184,194,0
6,107,106,0
6,65,99,0
6,121,91,0
6,164,90,0
6,103,106,0
6,161,166,0
6,190,206,0
6,159,98,0
6,186,192,0
6,53,88,0
6,107,146,0
4,194,106,0
6,126,88,0
6,191,201,0
6,168,118,0
6,54,88,0
6,164,84,0
6,60,103,0
6,131,68,0
6,86,147,0
6,162,88,0
6,163,107,0
6,104,105,0
6,190,205,0
6,63,96,0
4,192,116,0
6,55,88,0
6,226,95,0
6,56,88,0
6,96,113,0
6,60,102,0
6,113,97,0
6,57,88,0
6,90,113,0
6,171,118,0
6,127,89,0
6,122,95,0
6,58,88,0
6,66,105,0
6,133,83,0
6,53,89,0
6,151,165,0
6,164,114,0
6,89,117,0
6,200,216,0
6,221,112,0
6,54,89,0
6,179,121,0
6,223,102,0
6,125,87,0
6,160,163,0
6,81,151,0
6,63,104,0
6,56,92,0
6,162,81,0
6,81,147,0
6,55,89,0
6,225,80,0
6,90,117,0
6,122,99,0
6,68,103,0
6,92,149,0
6,56,89,0
6,57,157,0
6,191,207,0
6,183,122,0
6,126,81,0
6,131,77,0
6,57,89,0
6,57,95,0
4,199,116,0
6,58,89,0
6,151,160,0
6,203,233,0
6,182,122,0
6,94,112,0
6,227,82,0
4,189,111,0
6,160,99,0
6,227,90,0
6,53,90,0
6,159,102,0
6,162,114,0
6,131,81,0
6,59,152,0
6,199,220,0
6,90,146,0
6,194,209,0
6,121,93,0
6,68,107,0
6,190,208,0
6,54,90,0
6,58,154,0
6,89,148,0
4,200,115,0
6,172,180,0
6,224,85,0
6,160,83,0
6,61,104,0
6,58,98,0
6,161,84,0
6,129,76,0
6,105,110,0
6,60,156,0
6,55,90,0
6,213,118,0
6,167,115,0
6,56,90,0
6,71,106,0
6,224,103,0
6,66,104,0
6,145,157,0
6,176,184,0
6,164,82,0
6,228,78,0
6,85,149,0
6,187,200,0
6,128,91,0
6,164,85,0
6,57,90,0
6,224,76,0
6,227,79,0
6,131,74,0
4,196,115,0
6,123,95,0
6,99,145,0
6,197,207,0
6,58,90,0
6,195,206,0
2,80,110,0
6,184,124,0
6,60,154,0
6,98,146,0
6,65,104,0
6,162,80,0
6,224,75,0
6,163,85,0
6,223,82,0
6,60,96,0
6,192,194,0
6,162,112,0
6,133,76,0
6,174,176,0
6,59,85,0
6,59,86,0
6,162,100,0
6,183,124,0
6,65,103,0
4,204,113,0
6,59,87,0
4,188,112,0
6,165,115,0
6,202,231,0
6,116,98,0
6,223,106,0
6,59,88,0
6,68,153,0
6,66,102,0
6,94,146,0
6,59,89,0
6,69,105,0
6,165,103,0
6,125,151,0
6,59,90,0
6,218,107,0
6,199,213,0
6,161,169,0
6,198,229,0
6,62,106,0
4,182,120,0
6,158,94,0
4,200,111,0
6,54,91,0
6,118,100,0
6,161,105,0
6,55,91,0
6,62,105,0
6,163,168,0
6,164,81,0
6,96,118,0
6,226,81,0
6,59,94,0
6,56,91,0
6,228,87,0
4,191,117,0
6,184,190,0
6,57,91,0
6,88,147,0
6,170,180,0
6,197,124,0
6,160,167,0
6,87,150,0
6,66,100,0
6,58,91,0
6,57,153,0
6,163,108,0
6,59,91,0
14,0,255,1237794651
4,198,112,0
6,122,98,0
6,182,185,0
6,79,150,0
6,54,92,0
6,223,93,0
6,162,109,0
6,182,182,0
6,55,92,0
14,1,255,-163590874
6,67,104,0
6,162,94,0
2,82,106,0
6,184,195,0
6,221,100,0
6,117,97,0
6,163,104,0
6,57,92,0
6,64,106,0
6,229,86,0
4,191,120,0
6,189,189,0
6,178,183,0
6,58,92,0
6,217,106,0
6,64,105,0
6,161,96,0
6,55,93,0
6,138,150,0
6,161,109,0
2,76,108,0
6,56,93,0
6,196,123,0
6,210,119,0
6,72,109,0
6,200,229,0
6,57,93,0
6,162,97,0
6,164,118,0
6,58,93,0
6,67,107,0
6,105,145,0
6,196,222,0
6,161,106,0
6,168,114,0
6,189,123,0
6,59,93,0
6,222,107,0
6,188,122,0
6,60,88,0
4,190,115,0
6,159,89,0
6,67,113,0
6,187,123,0
6,131,150,0
6,162,103,0
6,201,122,0
6,198,221,0
4,192,107,0
6,106,148,0
6,225,103,0
6,60,90,0
6,159,91,0
6,72,107,0
6,166,119,0
6,160,90,0
6,60,91,0
6,169,116,0
6,122,90,0
6,181,189,0
4,201,111,0
6,60,92,0
6,117,94,0
6,193,121,0
6,197,125,0
6,161,102,0
6,191,122,0
6,65,107,0
6,222,94,0
6,154,166,0
6,60,93,0
6,189,125,0
6,194,217,0
6,170,115,0
6,192,124,0
4,198,108,0
6,55,94,0
6,225,97,0
6,122,94,0
6,68,105,0
6,159,103,0
6,199,230,0
6,108,106,0
6,203,231,0
6,191,204,0
6,56,94,0
14,164,255,1252214362
6,126,90,0
6,57,94,0
6,121,89,0
6,64,108,0
4,201,113,0
6,190,203,0
6,165,111,0
6,106,147,0
6,152,163,0
6,58,94,0
6,63,107,0
6,60,94,0
2,86,106,0
6,170,113,0
6,203,125,0
6,130,83,0
6,166,112,0
6,55,95,0
6,109,149,0
6,113,102,0
6,56,95,0
6,123,96,0
6,224,87,0
6,164,105,0
6,122,151,0
6,95,114,0
6,160,81,0
6,187,193,0
6,58,95,0
6,114,107,0
6,131,86,0
6,162,105,0
6,191,209,0
6,163,106,0
6,159,107,0
6,60,95,0
6,159,83,0
4,202,112,0
6,56,96,0
4,194,111,0
6,188,193,0
6,93,145,0
6,66,108,0
6,222,96,0
6,173,124,0
6,159,99,0
6,198,126,0
6,178,179,0
6,127,82,0
4,193,111,0
6,200,123,0
6,185,185,0
6,202,124,0
6,66,109,0
6,164,99,0
6,59,96,0
6,74,147,0
6,178,119,0
14,247,255,-945341700
6,226,86,0
6,96,116,0
6,210,113,0
6,65,110,0
6,122,146,0
6,203,232,0
6,163,110,0
6,197,213,0
6,151,158,0
6,61,91,0
6,61,92,0
6,163,99,0
6,203,229,0
6,209,117,0
6,160,98,0
6,46,160,0
6,197,212,0
6,61,93,0
6,162,79,0
6,61,94,0
6,169,118,0
6,94,116,0
6,61,95,0
6,177,123,0
6,120,150,0
6,200,122,0
6,100,145,0
6,61,96,0
6,159,76,0
6,64,103,0
6,109,102,0
6,56,97,0
6,192,206,0
6,57,97,0
2,80,108,0
6,221,93,0
6,70,108,0
6,159,75,0
6,58,97,0
6,159,92,0
6,124,87,0
6,225,101,0
6,59,97,0
6,164,89,0
6,60,97,0
6,130,154,0
4,205,114,0
6,164,91,0
6,179,182,0
6,158,89,0
6,62,103,0
6,118,101,0
6,56,98,0
6,201,223,0
6,128,87,0
6,201,220,0
6,57,98,0
6,181,180,0
6,221,94,0
14,141,255,129613896
6,171,121,0
4,184,118,0
6,59,98,0
6,124,94,0
6,158,91,0
6,214,116,0
6,195,219,0
6,195,207,0
6,160,84,0
6,180,179,0
6,61,98,0
6,224,93,0
6,70,110,0
6,123,91,0
2,74,108,0
6,62,93,0
6,165,105,0
6,62,94,0
6,162,85,0
6,62,95,0
4,186,120,0
6,169,121,0
6,111,103,0
6,119,92,0
6,69,111,0
6,62,97,0
6,197,209,0
6,164,116,0
6,87,149,0
6,223,100,0
6,223,86,0
6,68,112,0
6,112,107,0
6,161,103,0
6,193,201,0
6,123,92,0
6,189,201,0
6,58,99,0
6,71,108,0
6,133,151,0
6,59,99,0
6,163,89,0
6,213,113,0
4,186,116,0
6,112,99,0
6,60,99,0
6,67,111,0
6,61,99,0
6,169,112,0
6,128,153,0
6,168,115,0
6,226,90,0
6,136,157,0
6,62,99,0
6,163,90,0
6,185,192,0
6,117,101,0
6,55,154,0
6,66,112,0
6,85,150,0
6,196,221,0
6,167,117,0
6,168,117,0
2,85,105,0
6,59,100,0
6,225,100,0
6,55,156,0
6,65,149,0
6,159,105,0
6,109,144,0
6,48,159,0
6,193,200,0
6,159,82,0
6,60,100,0
6,61,100,0
6,70,112,0
6,211,118,0
6,142,156,0
6,164,101,0
6,221,98,0
6,86,150,0
6,62,100,0
6,225,94,0
6,63,95,0
2,86,109,0
6,171,114,0
6,71,110,0
6,172,172,0
4,196,113,0
6,165,117,0
6,168,119,0
4,194,108,0
6,110,109,0
6,63,98,0
6,96,114,0
6,162,102,0
6,214,118,0
6,224,101,0
6,108,104,0
6,159,97,0
6,60,101,0
6,62,101,0
6,111,105,0
4,187,117,0
6,64,96,0
6,95,147,0
6,214,114,0
6,220,107,0
6,111,109,0
6,119,100,0
6,64,100,0
6,199,233,0
6,104,108,0
6,203,227,0
6,61,102,0
6,63,102,0
6,158,96,0
6,106,110,0
6,97,145,0
6,59,103,0
6,222,93,0
2,82,104,0
6,101,107,0
6,63,103,0
4,195,110,0
6,65,98,0
6,163,169,0
6,105,107,0
6,161,88,0
6,65,100,0
6,116,101,0
6,65,102,0
6,197,215,0
6,60,104,0
6,198,211,0
6,157,169,0
6,62,104,0
6,227,76,0
6,202,125,0
6,64,104,0
4,193,113,0
6,225,81,0
6,106,108,0
6,204,236,0
6,128,72,0
6,66,99,0
6,162,87,0
4,196,111,0
6,101,145,0
6,101,116,0
6,183,182,0
6,66,103,0
6,200,119,0
6,102,107,0
6,102,114,0
6,170,178,0
6,229,85,0
6,130,72,0
6,63,105,0
6,109,106,0
6,162,166,0
6,175,176,0
6,61,106,0
6,102,113,0
6,212,120,0
6,202,119,0
6,63,106,0
6,200,236,0
6,224,79,0
6,118,149,0
2,85,107,0
6,175,175,0
6,65,106,0
4,201,115,0
6,100,110,0
6,106,105,0
6,180,186,0
6,67,103,0
6,128,77,0
6,213,116,0
6,110,105,0
6,226,78,0
6,147,155,0
6,165,172,0
6,62,107,0
6,195,213,0
6,127,146,0
6,116,104,0
6,129,81,0
6,229,83,0
6,66,107,0
6,123,94,0
6,129,82,0
6,217,109,0
6,112,150,0
6,89,150,0
6,113,99,0
6,192,196,0
6,173,174,0
4,197,119,0
6,65,108,0
6,177,121,0
6,117,99,0
6,130,80,0
6,68,104,0
6,120,92,0
6,130,81,0
6,220,114,0
6,117,103,0
6,68,108,0
6,148,162,0
6,180,182,0
6,110,103,0
6,228,77,0
6,228,75,0
6,65,109,0
6,160,86,0
6,41,156,0
6,67,109,0
6,124,93,0
6,130,75,0
6,211,113,0
6,126,146,0
6,98,149,0
6,112,105,0
6,118,150,0
4,184,119,0
2,88,110,0
6,69,106,0
6,186,123,0
6,161,77,0
6,208,120,0
6,95,118,0
6,122,91,0
6,130,74,0
6,69,107,0
6,113,103,0
6,163,75,0
6,190,199,0
6,69,109,0
6,109,104,0
6,197,122,0
6,162,74,0
6,64,110,0
6,220,98,0
6,216,116,0
6,113,149,0
6,169,171,0
6,190,198,0
6,66,110,0
6,67,110,0
6,165,108,0
6,162,99,0
6,163,76,0
6,163,73,0
6,75,150,0
6,107,109,0
6,210,122,0
6,173,122,0
6,183,191,0
6,108,107,0
6,107,107,0
6,66,111,0
6,130,71,0
6,85,148,0
6,108,111,0
6,195,121,0
4,183,115,0
6,208,116,0
6,185,184,0
6,105,106,0
6,108,108,0
6,172,179,0
6,115,101,0
6,201,233,0
6,71,111,0
6,129,85,0
6,67,112,0
6,115,105,0
4,190,109,0
6,69,112,0
6,103,112,0
4,196,118,0
6,70,151,0
6,112,100,0
6,133,77,0
6,72,108,0
2,88,112,0
6,72,110,0
6,174,183,0
6,116,100,0
6,72,112,0
6,102,109,0
6,68,113,0
6,128,75,0
6,69,113,0
6,160,94,0
6,71,113,0
6,193,122,0
6,73,108,0
6,190,192,0
6,198,228,0
6,105,105,0
6,73,110,0
6,82,151,0
6,73,112,0
6,83,147,0
6,69,114,0
4,188,111,0
6,194,124,0
6,189,195,0
6,71,114,0
6,73,114,0
6,226,79,0
6,74,109,0
6,161,73,0
6,99,110,0
6,160,72,0
6,74,110,0
6,204,124,0
6,128,92,0
6,103,110,0
6,91,116,0
6,74,114,0
6,75,110,0
6,103,114,0
6,83,150,0
6,75,112,0
6,128,90,0
6,206,120,0
6,129,87,0
6,101,109,0
6,92,117,0
6,71,115,0
6,157,166,0
6,97,114,0
6,156,164,0
6,75,115,0
6,110,102,0
6,134,67,0
6,164,77,0
6,132,82,0
6,186,190,0
6,99,114,0
6,76,111,0
6,97,118,0
6,76,113,0
6,92,145,0
6,159,101,0
6,132,68,0
6,76,114,0
6,203,123,0
6,201,232,0
6,100,113,0
6,76,115,0
4,200,112,0
4,184,116,0
6,163,173,0
6,77,110,0
6,164,75,0
6,68,152,0
6,77,111,0
6,95,115,0
4,190,107,0
6,77,113,0
6,171,117,0
6,77,115,0
6,129,69,0
6,132,150,0
6,163,101,0
6,172,181,0
6,107,148,0
6,89,114,0
6,95,117,0
6,75,116,0
6,109,108,0
6,161,168,0
6,89,118,0
6,227,84,0
6,78,112,0
2,81,111,0
6,78,114,0
6,127,92,0
6,90,116,0
6,178,123,0
6,78,116,0
6,191,126,0
6,91,114,0
6,81,150,0
6,79,114,0
6,127,90,0
6,99,111,0
6,126,87,0
6,76,117,0
6,90,115,0
6,223,108,0
2,76,107,0
6,203,120,0
2,81,102,0
6,101,113,0
6,80,112,0
6,218,115,0
6,142,154,0
6,200,121,0
6,211,116,0
6,80,114,0
6,56,154,0
6,102,111,0
6,218,102,0
6,138,158,0
6,146,162,0
6,102,149,0
6,81,112,0
6,196,213,0
6,214,111,0
4,185,120,0
6,129,80,0
6,102,115,0
6,98,113,0
6,212,116,0
6,81,114,0
6,123,147,0
6,163,172,0
6,109,107,0
6,211,120,0
6,164,170,0
6,82,112,0
6,221,101,0
6,34,160,0
6,128,80,0
6,212,121,0
6,133,75,0
6,146,161,0
6,109,111,0
6,105,109,0
6,82,116,0
6,144,154,0
6,83,112,0
6,169,173,0
6,167,178,0
6,107,105,0
6,112,101,0
6,132,75,0
6,224,106,0
6,128,73,0
6,144,158,0
6,100,108,0
6,36,166,0
6,83,116,0
6,190,200,0
4,194,105,0
4,205,115,0
6,214,113,0
6,178,182,0
6,110,106,0
6,78,118,0
6,171,120,0
6,132,74,0
6,104,110,0
6,129,78,0
6,82,118,0
6,97,111,0
6,84,113,0
6,104,114,0
6,84,115,0
6,126,149,0
2,92,112,0
6,68,149,0
6,105,112,0
6,205,232,0
6,85,113,0
6,224,82,0
6,85,115,0
6,169,170,0
6,101,108,0
6,168,173,0
6,85,117,0
6,86,113,0
6,132,78,0
6,86,115,0
6,131,84,0
6,86,117,0
6,223,97,0
6,197,120,0
6,87,113,0
6,200,234,0
6,166,170,0
6,87,115,0
6,131,83,0
6,87,117,0
6,128,82,0
6,88,113,0
6,176,123,0
6,201,124,0
2,83,111,0
6,88,115,0
2,88,109,0
6,88,117,0
6,89,113,0
6,131,88,0
4,197,109,0
6,89,115,0
6,159,104,0
6,89,116,0
6,228,82,0
6,226,84,0
6,160,104,0
6,226,85,0
6,186,193,0
6,195,215,0
6,227,83,0
6,90,114,0
6,163,103,0
8,85,247,205987634
4,204,117,0
6,90,118,0
6,164,103,0
6,91,113,0
6,228,83,0
6,91,115,0
6,135,156,0
6,228,84,0
6,225,99,0
4,196,112,0
6,64,150,0
6,92,114,0
6,66,148,0
6,170,122,0
6,137,151,0
6,92,115,0
6,63,150,0
6,224,91,0
6,196,205,0
6,163,98,0
4,200,110,0
6,93,113,0
6,93,115,0
6,164,88,0
6,93,116,0
6,129,150,0
6,144,155,0
6,226,91,0
6,127,152,0
6,182,188,0
6,94,114,0
6,218,108,0
6,183,190,0
6,94,115,0
6,66,149,0
6,195,220,0
4,184,120,0
6,169,114,0
6,52,152,0
6,95,113,0
6,198,232,0
6,221,97,0
6,227,89,0
6,138,151,0
6,54,155,0
6,72,150,0
6,187,187,0
6,95,116,0
6,226,89,0
4,195,107,0
4,198,116,0
6,228,86,0
6,51,155,0
6,55,153,0
6,96,115,0
6,224,96,0
6,96,117,0
6,164,111,0
6,161,99,0
6,152,161,0
6,97,113,0
6,156,169,0
6,186,189,0
4,195,119,0
6,97,115,0
6,33,165,0
6,55,151,0
6,110,150,0
6,97,116,0
6,97,117,0
6,161,113,0
6,93,112,0
6,163,100,0
6,160,80,0
4,202,117,0
6,146,157,0
6,97,112,0
6,67,153,0
6,50,159,0
6,98,115,0
6,72,149,0
6,76,146,0
6,98,116,0
6,98,117,0
6,145,161,0
6,99,113,0
6,135,151,0
6,99,115,0
6,158,100,0
6,99,117,0
6,70,149,0
6,226,75,0
6,59,151,0
6,199,223,0
6,199,229,0
6,100,112,0
6,100,116,0
6,164,97,0
6,100,117,0
6,30,167,0
6,96,111,0
6,163,109,0
6,29,167,0
6,31,167,0
6,100,111,0
6,164,109,0
6,101,111,0
6,78,146,0
6,180,123,0
6,31,166,0
6,187,198,0
6,166,106,0
6,101,114,0
6,101,115,0
6,205,117,0
6,102,112,0
6,164,113,0
6,163,78,0
6,181,121,0
6,102,116,0
6,165,78,0
8,106,254,270
6,227,81,0
6,97,110,0
6,198,209,0
6,98,110,0
6,164,79,0
6,101,110,0
6,209,121,0
6,170,123,0
6,29,166,0
6,102,110,0
6,203,118,0
6,223,88,0
6,222,89,0
6,162,91,0
4,186,114,0
6,103,113,0
6,145,162,0
6,103,115,0
6,99,109,0
6,179,178,0
6,100,109,0
6,77,146,0
6,225,88,0
6,46,155,0
6,103,109,0
6,76,151,0
6,104,109,0
6,221,109,0
6,104,111,0
6,185,121,0
6,164,83,0
6,199,221,0
6,164,108,0
6,105,113,0
6,163,84,0
6,228,76,0
6,102,108,0
6,165,107,0
6,212,113,0
6,105,108,0
6,164,72,0
8,109,248,43660345
6,164,110,0
6,106,109,0
6,164,73,0
6,106,111,0
6,188,196,0
6,56,152,0
6,106,113,0
4,186,115,0
6,219,104,0
6,84,150,0
6,103,107,0
6,165,74,0
6,166,110,0
6,201,121,0
4,198,117,0
6,107,108,0
6,222,110,0
6,161,89,0
8,83,253,104509837
6,107,110,0
6,226,101,0
6,64,151,0
6,158,167,0
6,189,206,0
6,215,108,0
6,156,161,0
6,108,109,0
6,162,90,0
6,148,158,0
6,108,110,0
6,219,115,0
6,167,169,0
6,226,99,0
4,185,119,0
6,104,106,0
6,161,101,0
4,198,115,0
6,106,106,0
6,184,193,0
6,159,169,0
6,167,113,0
6,224,90,0
4,192,117,0
6,109,109,0
6,163,102,0
4,198,113,0
6,182,123,0
6,222,91,0
6,187,199,0
6,192,199,0
6,224,80,0
6,221,102,0
6,219,101,0
6,108,105,0
6,158,95,0
6,164,115,0
4,186,118,0
6,67,149,0
6,183,125,0
6,229,79,0
6,110,108,0
6,220,103,0
6,224,104,0
6,159,96,0
6,110,110,0
6,195,217,0
6,221,107,0
6,162,108,0
6,159,86,0
8,74,255,-197914422
6,189,194,0
6,110,104,0
6,164,86,0
6,111,104,0
6,219,107,0
6,62,150,0
6,218,106,0
6,229,77,0
4,192,111,0
6,218,111,0
6,111,108,0
6,160,88,0
4,197,117,0
6,217,116,0
6,107,103,0
8,236,253,99840987
6,109,103,0
6,216,106,0
6,129,73,0
6,36,164,0
6,208,119,0
6,112,103,0
2,92,111,0
6,112,104,0
6,47,154,0
6,112,106,0
6,186,124,0
6,190,204,0
6,208,118,0
8,153,253,420
6,35,162,0
6,162,72,0
6,160,79,0
6,113,104,0
6,223,96,0
6,36,165,0
6,133,78,0
6,113,105,0
6,30,168,0
6,170,172,0
6,133,81,0
4,189,115,0
6,44,162,0
6,34,162,0
6,179,124,0
6,113,108,0
6,70,150,0
6,108,102,0
6,221,96,0
6,160,93,0
6,111,102,0
6,227,87,0
6,112,102,0
6,202,232,0
6,172,124,0
6,194,126,0
6,75,151,0
6,114,104,0
6,40,163,0
6,114,105,0
6,174,117,0
6,164,76,0
6,191,121,0
6,108,145,0
6,225,87,0
6,177,122,0
4,197,108,0
6,167,177,0
6,129,75,0
6,110,101,0
6,50,154,0
6,124,148,0
6,114,101,0
4,189,117,0
14,250,255,1457522882
6,160,78,0
6,213,119,0
6,227,86,0
6,128,74,0
6,75,146,0
6,115,102,0
6,115,106,0
8,109,254,-55578721
6,194,207,0
6,110,100,0
6,161,74,0
6,111,100,0
6,165,171,0
6,226,92,0
6,161,75,0
6,168,121,0
4,189,108,0
4,201,117,0
6,200,124,0
6,115,100,0
4,190,118,0
8,216,252,115145181
4,187,116,0
6,116,103,0
6,162,76,0
6,116,105,0
6,221,99,0
6,129,89,0
6,193,199,0
6,202,121,0
6,224,100,0
6,199,227,0
6,39,160,0
4,186,119,0
6,132,70,0
6,216,108,0
6,117,104,0
6,113,98,0
6,69,153,0
6,114,98,0
6,181,124,0
2,78,107,0
6,208,115,0
6,118,98,0
6,140,151,0
6,163,95,0
4,190,111,0
6,118,99,0
6,131,76,0
6,211,114,0
6,183,184,0
6,132,76,0
2,86,108,0
6,118,103,0
6,114,97,0
6,227,93,0
6,115,97,0
6,196,125,0
6,215,118,0
6,227,97,0
6,213,114,0
6,189,191,0
6,119,97,0
6,183,189,0
6,119,98,0
6,134,72,0
2,86,112,0
6,163,88,0
6,160,76,0
6,209,123,0
6,116,96,0
6,128,88,0
6,117,96,0
2,86,111,0
6,214,109,0
8,53,253,-78957356
6,118,96,0
6,120,96,0
6,147,160,0
6,159,90,0
6,126,86,0
6,120,100,0
6,163,116,0
6,206,117,0
6,128,86,0
6,120,101,0
6,168,110,0
6,116,95,0
6,195,218,0
6,132,80,0
6,119,95,0
6,163,80,0
6,202,224,0
6,91,150,0
6,120,95,0
6,37,157,0
6,121,96,0
6,132,85,0
6,174,175,0
6,174,123,0
6,91,145,0
6,129,79,0
6,121,97,0
6,204,122,0
6,205,235,0
6,121,98,0
6,162,83,0
6,204,120,0
6,158,163,0
6,199,119,0
6,206,123,0
6,192,125,0
6,122,96,0
6,225,83,0
6,165,119,0
6,159,93,0
6,127,88,0
8,89,249,14745257
6,211,115,0
6,118,93,0
4,190,119,0
6,182,121,0
6,212,119,0
6,153,159,0
6,93,149,0
6,123,87,0
6,95,146,0
4,199,114,0
6,120,93,0
6,187,188,0
6,122,93,0
6,167,110,0
6,123,93,0
6,183,123,0
6,213,115,0
6,127,81,0
8,121,252,-161987674
6,123,97,0
6,123,98,0
4,187,115,0
4,188,119,0
6,122,92,0
6,173,120,0
6,148,163,0
6,220,111,0
6,166,171,0
6,58,153,0
6,124,92,0
6,171,122,0
6,191,208,0
6,216,109,0
6,124,96,0
6,124,97,0
6,202,118,0
6,164,106,0
6,120,91,0
6,46,159,0
6,193,211,0
4,190,120,0
6,183,126,0
6,57,150,0
6,125,92,0
6,207,123,0
6,193,208,0
6,161,76,0
6,182,126,0
6,196,210,0
6,125,93,0
6,170,170,0
6,131,79,0
6,179,189,0
6,120,90,0
6,128,78,0
6,196,121,0
6,123,90,0
6,43,158,0
6,198,230,0
6,131,78,0
6,126,91,0
6,199,124,0
6,216,115,0
6,160,82,0
6,126,92,0
6,176,121,0
6,197,123,0
2,87,110,0
6,128,83,0
8,95,255,97810516
6,161,91,0
6,122,89,0
6,164,74,0
6,211,121,0
6,124,89,0
6,164,172,0
6,180,183,0
6,131,87,0
6,126,89,0
6,59,156,0
6,123,88,0
6,198,125,0
6,124,88,0
6,60,152,0
6,163,92,0
6,212,117,0
6,207,116,0
6,73,152,0
6,127,93,0
6,225,84,0
6,164,102,0
6,169,175,0
6,217,110,0
4,195,120,0
6,127,87,0
6,128,89,0
6,69,148,0
6,219,110,0
6,220,100,0
6,124,86,0
6,174,178,0
6,193,125,0
6,168,170,0
6,129,88,0
6,193,123,0
6,189,122,0
6,129,149,0
6,199,228,0
6,220,110,0
6,103,144,0
6,125,85,0
6,183,188,0
6,105,144,0
6,127,85,0
6,205,121,0
6,130,87,0
6,130,88,0
6,153,164,0
6,136,154,0
6,205,119,0
6,222,90,0
6,105,149,0
6,128,84,0
6,188,188,0
6,108,144,0
6,129,84,0
6,126,83,0
6,127,83,0
6,206,121,0
6,80,150,0
6,164,96,0
6,32,168,0
6,171,175,0
6,80,149,0
6,216,112,0
6,165,76,0
6,190,125,0
6,192,123,0
6,71,150,0
6,200,225,0
6,224,95,0
6,132,84,0
6,71,149,0
6,127,79,0
6,130,79,0
6,164,80,0
6,127,78,0
6,187,189,0
6,164,112,0
6,153,167,0
6,203,121,0
4,197,111,0
6,204,119,0
6,189,198,0
6,133,80,0
6,133,82,0
6,166,113,0
6,209,119,0
6,129,77,0
6,57,156,0
6,130,77,0
6,193,213,0
6,132,77,0
6,163,114,0
6,130,76,0
6,213,120,0
6,217,105,0
6,188,200,0
6,65,151,0
2,82,107,0
6,63,149,0
6,69,152,0
6,130,73,0
6,132,73,0
6,133,73,0
6,204,123,0
6,131,72,0
6,200,232,0
6,132,72,0
6,194,202,0
8,105,247,360
6,128,71,0
6,132,71,0
6,133,71,0
6,159,77,0
6,146,158,0
6,176,179,0
6,131,70,0
6,166,118,0
6,64,152,0
6,201,125,0
6,123,152,0
6,85,146,0
6,128,69,0
6,223,84,0
6,128,68,0
6,90,145,0
6,103,148,0
6,185,190,0
6,128,67,0
6,171,115,0
6,72,151,0
6,130,67,0
6,71,153,0
6,86,145,0
6,131,67,0
6,134,69,0
6,151,164,0
6,134,71,0
6,218,103,0
6,160,73,0
6,67,150,0
6,223,90,0
6,177,184,0
6,161,72,0
6,75,152,0
2,87,109,0
6,144,161,0
6,156,163,0
6,131,152,0
6,62,152,0
6,222,97,0
6,192,202,0
8,2,254,26327362
6,162,77,0
6,163,77,0
6,228,92,0
4,188,113,0
6,153,166,0
6,119,149,0
6,165,72,0
6,195,202,0
6,87,147,0
8,166,252,-531783473
6,165,75,0
6,162,78,0
6,164,78,0
6,44,156,0
6,229,75,0
6,32,164,0
6,162,172,0
6,159,171,0
6,99,149,0
6,159,79,0
6,30,164,0
6,161,80,0
6,229,80,0
6,38,158,0
6,163,81,0
6,104,147,0
4,198,119,0
6,219,103,0
6,37,158,0
4,190,117,0
6,162,82,0
6,85,151,0
6,161,83,0
6,225,89,0
6,229,76,0
6,149,157,0
6,162,84,0
6,140,159,0
4,187,120,0
6,224,88,0
6,187,197,0
2,81,109,0
6,160,85,0
6,227,78,0
6,97,147,0
6,162,86,0
6,192,203,0
6,159,87,0
6,199,122,0
6,160,87,0
6,51,152,0
6,161,87,0
8,114,251,40224673
6,221,106,0
6,226,96,0
6,163,91,0
6,140,155,0
6,161,92,0
6,41,158,0
6,223,95,0
6,42,155,0
6,164,92,0
6,158,90,0
6,158,92,0
6,162,93,0
6,53,154,0
6,69,151,0
6,55,155,0
6,161,94,0
6,53,153,0
6,162,95,0
6,160,96,0
6,221,110,0
6,160,97,0
6,161,97,0
6,168,113,0
6,162,98,0
6,36,162,0
6,225,98,0
6,30,162,0
6,158,99,0
6,75,147,0
6,106,146,0
6,159,100,0
6,117,145,0
6,161,100,0
6,186,199,0
6,164,98,0
6,41,160,0
6,226,87,0
6,151,162,0
6,161,104,0
6,221,92,0
6,167,112,0
6,78,150,0
6,35,163,0
6,164,104,0
6,34,164,0
8,59,253,94081746
6,160,105,0
6,159,106,0
6,160,106,0
6,162,106,0
6,173,118,0
6,122,150,0
6,225,102,0
6,214,119,0
6,36,158,0
6,161,107,0
6,141,157,0
6,186,197,0
6,162,107,0
6,161,108,0
6,214,120,0
6,125,152,0
6,46,153,0
6,125,148,0
6,212,114,0
6,216,117,0
6,141,153,0
6,161,110,0
6,138,157,0
6,124,150,0
6,215,115,0
6,47,156,0
6,165,110,0
6,209,120,0
6,177,119,0
6,166,108,0
4,185,113,0
6,166,109,0
6,42,159,0
6,162,111,0
6,202,123,0
6,41,163,0
6,161,112,0
6,172,118,0
6,41,161,0
6,39,161,0
6,160,168,0
6,36,159,0
8,123,254,-66171127
6,162,113,0
6,163,113,0
6,167,109,0
4,185,116,0
6,167,111,0
4,198,110,0
6,212,118,0
6,142,159,0
6,162,165,0
6,137,152,0
6,51,153,0
6,143,156,0
6,126,150,0
6,73,150,0
6,165,114,0
4,203,117,0
14,3,255,665397386
6,49,153,0
6,188,189,0
6,166,114,0
6,130,147,0
6,161,170,0
6,143,159,0
8,105,246,110
6,167,114,0
6,212,115,0
6,163,115,0
6,170,179,0
6,168,111,0
2,81,110,0
6,168,112,0
6,181,187,0
6,215,109,0
6,65,148,0
6,62,151,0
6,189,202,0
6,219,109,0
6,115,146,0
6,136,152,0
6,165,116,0
2,79,106,0
6,61,155,0
6,139,151,0
6,166,116,0
6,68,148,0
6,167,116,0
2,81,105,0
6,220,112,0
6,168,116,0
6,166,117,0
6,183,185,0
6,195,124,0
6,180,187,0
6,181,190,0
6,169,117,0
6,130,152,0
6,180,188,0
6,196,126,0
6,33,162,0
6,197,221,0
6,170,114,0
4,188,115,0
6,216,118,0
6,64,154,0
4,180,116,0
6,170,117,0
6,165,176,0
4,180,118,0
6,170,118,0
6,210,120,0
6,49,155,0
6,71,151,0
6,124,146,0
6,72,148,0
4,195,108,0
6,170,119,0
2,84,111,0
6,187,186,0
6,211,122,0
6,171,116,0
4,183,113,0
6,171,119,0
6,143,154,0
6,210,116,0
6,72,153,0
4,193,109,0
6,167,120,0
6,174,179,0
6,188,187,0
6,168,120,0
8,126,252,772245
6,169,120,0
6,218,114,0
6,79,147,0
14,173,255,-485507453
6,170,120,0
6,172,116,0
6,148,164,0
6,214,110,0
6,79,151,0
6,134,152,0
6,152,159,0
6,172,119,0
6,187,192,0
6,172,120,0
14,138,255,251603847
6,218,110,0
6,167,121,0
6,154,159,0
6,170,121,0
6,187,191,0
6,219,113,0
6,201,227,0
8,83,250,120662209
6,172,121,0
6,168,122,0
4,186,111,0
6,192,126,0
6,180,189,0
4,190,110,0
6,172,122,0
14,130,255,1435149134
6,193,124,0
6,58,155,0
6,143,160,0
6,173,117,0
6,74,150,0
6,194,122,0
6,201,230,0
4,195,105,0
6,34,168,0
6,195,209,0
6,174,118,0
4,183,114,0
6,170,174,0
6,33,168,0
6,144,160,0
6,174,119,0
6,123,149,0
6,174,120,0
6,174,122,0
6,69,150,0
6,171,123,0
4,190,113,0
6,172,123,0
6,140,153,0
6,205,120,0
4,202,116,0
6,173,123,0
6,139,152,0
6,175,119,0
2,81,106,0
6,205,124,0
6,42,162,0
4,195,114,0
6,175,122,0
2,81,103,0
6,175,123,0
6,127,150,0
6,206,122,0
6,140,154,0
6,41,157,0
6,176,118,0
6,176,119,0
6,77,149,0
14,160,255,709792512
6,198,122,0
6,174,124,0
4,197,118,0
6,217,114,0
6,77,151,0
6,53,151,0
2,82,108,0
6,37,162,0
6,78,148,0
6,177,124,0
6,217,111,0
6,178,121,0
6,151,163,0
6,190,122,0
6,78,151,0
6,178,124,0
4,195,109,0
6,174,125,0
6,190,126,0
6,199,232,0
6,175,125,0
6,120,148,0
6,101,149,0
6,189,205,0
6,176,125,0
6,178,125,0
6,156,166,0
6,191,124,0
6,179,122,0
6,198,222,0
6,179,123,0
6,56,151,0
6,192,122,0
6,122,145,0
6,31,164,0
6,195,203,0
6,179,125,0
6,150,162,0
6,180,124,0
6,180,125,0
6,121,148,0
6,203,122,0
6,62,149,0
6,176,126,0
6,171,177,0
4,190,112,0
6,196,223,0
6,111,150,0
6,177,126,0
2,76,109,0
6,139,158,0
6,181,122,0
6,129,154,0
6,142,152,0
6,121,150,0
6,181,123,0
4,187,110,0
6,203,119,0
6,201,224,0
6,40,164,0
6,122,148,0
6,181,125,0
6,182,124,0
6,134,149,0
6,182,125,0
6,60,153,0
6,209,115,0
6,76,148,0
6,125,149,0
4,200,114,0
6,126,151,0
6,60,155,0
6,149,159,0
6,183,121,0
2,83,109,0
6,143,158,0
6,123,150,0
6,128,147,0
6,184,121,0
6,197,211,0
4,192,110,0
6,60,150,0
2,85,106,0
6,184,122,0
6,149,160,0
6,184,123,0
6,128,146,0
6,184,125,0
6,54,152,0
6,207,120,0
6,117,148,0
6,185,122,0
4,192,119,0
6,185,123,0
6,207,124,0
6,203,230,0
6,185,124,0
6,185,125,0
4,188,110,0
6,186,121,0
6,156,162,0
6,205,118,0
6,118,148,0
6,42,156,0
6,191,202,0
6,186,125,0
6,56,156,0
8,150,245,100
6,44,160,0
6,186,126,0
6,118,146,0
6,187,121,0
6,63,152,0
6,199,226,0
6,200,126,0
6,197,219,0
6,187,126,0
6,188,121,0
6,63,154,0
6,199,120,0
6,112,147,0
6,131,148,0
6,157,168,0
6,188,123,0
2,84,105,0
6,160,164,0
6,188,125,0
6,132,151,0
6,202,120,0
6,34,159,0
6,132,148,0
6,191,197,0
6,189,124,0
6,71,152,0
6,161,165,0
6,190,121,0
4,191,107,0
6,156,168,0
6,190,123,0
4,193,118,0
6,89,146,0
6,154,168,0
6,141,156,0
6,176,186,0
6,191,123,0
6,136,150,0
6,162,167,0
6,191,125,0
6,199,215,0
6,82,146,0
6,193,126,0
6,142,158,0
6,159,170,0
6,153,162,0
6,66,152,0
6,194,121,0
6,131,155,0
6,194,123,0
6,200,230,0
6,195,122,0
6,195,123,0
6,66,154,0
6,148,159,0
6,195,125,0
6,135,154,0
6,184,184,0
6,67,151,0
6,74,151,0
6,136,153,0
6,196,124,0
2,80,109,0
6,148,157,0
6,114,148,0
6,197,121,0
6,197,126,0
6,136,151,0
6,198,121,0
6,61,152,0
6,157,164,0
6,126,152,0
6,54,151,0
6,198,214,0
6,198,123,0
6,185,189,0
6,61,154,0
6,86,148,0
6,186,187,0
6,124,152,0
6,157,162,0
6,190,202,0
6,199,123,0
6,191,203,0
6,199,125,0
6,197,216,0
6,200,125,0
6,62,155,0
8,97,249,59861289
6,196,120,0
6,99,144,0
4,194,115,0
6,201,120,0
6,165,169,0
6,47,160,0
6,201,123,0
6,181,181,0
6,202,122,0
4,185,117,0
6,204,121,0
6,149,161,0
6,155,164,0
6,100,146,0
6,205,122,0
6,48,155,0
14,56,254,1912799908
6,155,162,0
6,205,123,0
4,190,116,0
6,206,119,0
6,102,148,0
6,206,124,0
6,48,157,0
6,207,119,0
4,203,114,0
8,216,253,30351644
6,164,166,0
6,207,121,0
6,96,146,0
6,44,157,0
6,162,171,0
6,168,178,0
6,204,118,0
6,92,144,0
6,206,118,0
6,44,161,0
6,208,121,0
6,95,145,0
6,65,154,0
6,39,156,0
6,209,122,0
6,137,157,0
6,174,174,0
6,208,117,0
6,96,145,0
6,140,152,0
6,43,156,0
6,210,117,0
6,93,144,0
6,210,118,0
6,211,117,0
6,211,119,0
6,40,160,0
6,209,116,0
6,186,198,0
6,149,158,0
6,102,145,0
14,5,255,1160935349
6,209,114,0
6,63,155,0
6,165,167,0
6,210,114,0
6,201,236,0
6,136,156,0
6,159,167,0
6,215,114,0
6,90,148,0
6,138,152,0
6,215,116,0
6,215,117,0
6,185,196,0
6,74,152,0
6,189,197,0
6,215,113,0
6,202,233,0
14,159,255,-150614372
6,169,172,0
6,147,158,0
6,180,180,0
6,212,112,0
6,113,147,0
6,213,112,0
6,47,158,0
6,217,113,0
6,112,149,0
14,253,255,1470452338
6,217,115,0
6,171,172,0
6,86,149,0
6,53,158,0
6,155,166,0
2,83,110,0
6,35,160,0
6,196,217,0
6,216,111,0
6,147,157,0
6,171,171,0
6,113,144,0
6,218,112,0
6,54,157,0
6,213,110,0
6,215,110,0
6,191,193,0
6,79,149,0
6,115,150,0
6,216,110,0
6,201,229,0
6,147,163,0
6,191,198,0
8,128,248,115
6,219,112,0
6,151,157,0
4,181,120,0
6,219,114,0
6,49,154,0
2,82,102,0
6,218,109,0
6,184,186,0
6,220,109,0
6,192,204,0
6,104,144,0
6,68,147,0
6,143,157,0
6,145,158,0
6,49,159,0
6,83,145,0
6,217,108,0
6,159,168,0
6,220,108,0
6,37,165,0
4,185,112,0
6,217,107,0
6,104,146,0
6,52,156,0
6,82,145,0
6,221,108,0
6,129,148,0
6,45,157,0
6,221,111,0
6,175,181,0
6,219,106,0
6,97,144,0
6,220,106,0
6,45,159,0
6,120,151,0
6,96,147,0
6,222,105,0
6,187,196,0
6,118,151,0
6,222,106,0
6,177,181,0
6,222,108,0
6,169,178,0
6,220,104,0
6,43,155,0
6,221,104,0
6,97,146,0
6,115,147,0
6,92,150,0
6,223,104,0
4,195,116,0
6,39,158,0
6,187,194,0
6,223,109,0
6,110,148,0
6,199,217,0
6,52,154,0
6,115,145,0
6,185,188,0
6,219,102,0
6,137,156,0
6,220,102,0
6,127,151,0
2,84,104,0
6,95,148,0
6,112,144,0
6,222,102,0
4,194,113,0
6,194,219,0
6,186,185,0
6,50,158,0
6,222,101,0
6,35,168,0
6,198,220,0
6,116,145,0
6,127,149,0
6,169,177,0
6,223,101,0
6,224,102,0
6,32,162,0
14,47,254,1807293159
6,219,100,0
6,137,153,0
6,164,175,0
6,222,100,0
2,90,111,0
6,61,150,0
6,84,148,0
6,222,99,0
6,165,173,0
6,223,99,0
4,196,114,0
6,225,104,0
6,225,96,0
6,84,147,0
6,125,147,0
4,197,116,0
6,226,97,0
6,173,179,0
6,48,154,0
4,196,110,0
6,221,95,0
6,124,151,0
6,41,162,0
6,222,95,0
6,223,94,0
6,91,149,0
6,224,94,0
6,38,157,0
6,135,153,0
4,195,112,0
6,226,94,0
6,162,174,0
6,225,93,0
4,186,112,0
6,226,93,0
6,222,92,0
6,92,147,0
6,227,92,0
6,36,160,0
6,227,96,0
6,187,201,0
6,86,146,0
6,34,167,0
4,199,110,0
6,223,91,0
6,38,160,0
6,193,204,0
6,104,148,0
6,48,153,0
6,225,90,0
6,197,220,0
6,182,191,0
6,224,89,0
6,157,170,0
6,42,161,0
6,38,164,0
6,108,148,0
6,117,146,0
4,193,107,0
6,227,88,0
6,204,228,0
6,116,146,0
6,196,206,0
6,228,89,0
6,104,145,0
6,228,90,0
6,154,162,0
14,15,254,351290151
6,228,85,0
6,224,84,0
6,192,209,0
6,32,163,0
6,102,144,0
6,81,148,0
6,224,83,0
6,35,164,0
6,101,144,0
6,82,149,0
6,226,83,0
6,155,160,0
6,226,82,0
6,35,166,0
8,202,251,-39695503
6,191,196,0
6,40,158,0
6,82,148,0
6,224,81,0
6,40,161,0
6,190,209,0
6,68,154,0
6,172,177,0
6,229,81,0
6,191,195,0
6,159,163,0
14,63,255,-860738878
6,114,146,0
6,229,84,0
6,89,149,0
6,194,208,0
6,226,80,0
6,199,214,0
6,196,207,0
6,228,80,0
6,90,150,0
6,70,152,0
6,228,79,0
4,191,113,0
6,200,228,0
6,192,195,0
6,46,156,0
6,194,211,0
6,224,78,0
4,199,118,0
6,225,78,0
6,224,77,0
6,46,158,0
6,226,77,0
6,227,77,0
6,112,145,0
2,79,104,0
6,119,150,0
6,47,155,0
6,195,212,0
6,226,76,0
6,99,148,0
6,29,163,0
6,39,159,0
6,99,147,0
6,201,231,0
6,29,164,0
6,150,165,0
6,112,148,0
6,94,145,0
6,30,163,0
4,198,111,0
6,111,148,0
6,30,165,0
6,154,165,0
6,30,166,0
6,31,163,0
2,83,106,0
4,189,110,0
6,43,159,0
6,31,165,0
6,127,147,0
6,196,215,0
6,168,176,0
6,157,167,0
6,43,161,0
6,198,212,0
6,31,168,0
6,94,149,0
6,158,165,0
6,200,223,0
6,32,165,0
6,88,146,0
6,32,166,0
6,162,170,0
14,70,255,136701062
4,186,113,0
6,32,167,0
6,201,221,0
6,198,216,0
6,155,168,0
6,88,145,0
6,33,163,0
6,39,162,0
6,198,215,0
6,89,145,0
6,33,164,0
6,160,171,0
6,33,166,0
6,165,170,0
8,208,252,84911749
6,33,167,0
4,197,114,0
6,101,147,0
8,107,246,47082614
6,34,163,0
6,149,164,0
2,81,107,0
6,34,165,0
4,188,114,0
6,34,166,0
4,204,115,0
8,57,252,112051493
4,201,110,0
6,35,165,0
2,80,105,0
6,195,210,0
6,153,163,0
6,35,167,0
6,196,208,0
6,31,162,0
6,137,150,0
6,147,156,0
2,88,111,0
2,90,110,0
2,78,110,0
6,189,203,0
6,36,163,0
6,138,154,0
6,36,167,0
4,193,119,0
6,31,161,0
2,77,107,0
6,194,203,0
6,32,161,0
6,34,161,0
4,185,114,0
6,196,219,0
6,37,161,0
4,191,110,0
6,129,153,0
6,156,165,0
6,200,222,0
4,183,117,0
4,200,116,0
2,91,112,0
6,196,212,0
6,37,166,0
4,193,120,0
6,105,148,0
4,193,110,0
6,193,214,0
6,38,162,0
6,141,158,0
6,38,163,0
4,198,109,0
6,164,169,0
6,107,149,0
4,206,115,0
6,38,165,0
8,176,251,-48731459
6,35,159,0
6,160,172,0
6,152,160,0
14,243,255,-1497531719
6,37,159,0
6,38,159,0
8,94,247,110
6,39,163,0
6,197,225,0
6,152,164,0
6,39,164,0
6,40,159,0
8,153,250,78265611
6,196,224,0
6,40,162,0
6,146,154,0
6,142,155,0
6,123,148,0
6,188,199,0
6,160,165,0
6,196,204,0
6,41,159,0
6,198,218,0
2,83,104,0
6,143,153,0
4,193,115,0
6,199,216,0
4,194,120,0
6,39,157,0
6,154,161,0
2,78,109,0
6,40,157,0
4,191,111,0
6,42,157,0
4,188,117,0
6,197,206,0
6,42,158,0
6,191,211,0
6,150,159,0
6,42,160,0
6,43,157,0
6,194,212,0
6,43,160,0
6,151,161,0
14,131,255,1116889300
6,155,163,0
14,172,255,-1083950088
6,197,208,0
6,43,162,0
6,44,158,0
2,81,108,0
6,162,169,0
6,120,146,0
6,44,159,0
8,124,250,54622483
6,200,221,0
6,163,167,0
2,89,110,0
6,200,220,0
6,195,205,0
6,40,156,0
6,190,195,0
6,45,156,0
6,201,219,0
6,195,204,0
6,163,171,0
6,198,223,0
6,45,158,0
6,133,149,0
6,197,222,0
6,45,160,0
6,45,161,0
6,204,233,0
6,41,155,0
6,202,226,0
4,190,114,0
6,133,154,0
6,44,155,0
6,45,155,0
6,198,225,0
6,46,157,0
6,148,160,0
6,47,157,0
4,196,109,0
6,47,159,0
6,194,205,0
6,193,212,0
4,201,118,0
6,193,197,0
6,44,154,0
6,116,148,0
8,162,248,-169262872
6,45,154,0
6,46,154,0
6,192,205,0
6,190,201,0
6,147,162,0
6,188,203,0
6,48,156,0
4,204,114,0
6,48,158,0
6,150,158,0
6,193,202,0
6,194,206,0
6,169,174,0
6,49,157,0
8,99,253,113688824
6,49,158,0
6,160,169,0
6,85,147,0
6,198,219,0
4,201,114,0
2,85,109,0
6,161,167,0
6,50,157,0
6,108,149,0
2,84,110,0
6,47,153,0
6,141,155,0
4,178,118,0
6,200,218,0
6,50,153,0
6,109,147,0
4,194,107,0
6,51,154,0
4,179,118,0
6,189,193,0
6,51,157,0
6,87,146,0
4,185,118,0
6,51,158,0
6,204,227,0
6,52,153,0
6,135,150,0
6,138,155,0
6,52,155,0
6,52,157,0
6,199,231,0
6,52,158,0
2,91,111,0
6,190,190,0
6,135,155,0
6,139,153,0
6,53,156,0
2,91,110,0
6,188,195,0
6,194,215,0
6,54,153,0
6,128,151,0
8,103,249,89782563
6,202,229,0
6,54,154,0
6,54,156,0
6,202,221,0
6,143,161,0
6,198,217,0
6,54,158,0
6,129,151,0
6,53,152,0
6,198,231,0
6,197,217,0
8,222,253,18063450
6,147,161,0
6,55,152,0
6,173,175,0
6,55,157,0
4,196,117,0
6,194,200,0
6,180,185,0
8,184,254,77809121
6,56,153,0
4,185,115,0
6,101,148,0
6,56,155,0
4,198,118,0
6,152,166,0
6,182,187,0
14,72,250,1142975556
6,56,157,0
6,57,152,0
6,57,154,0
6,95,150,0
6,204,231,0
4,195,113,0
6,57,155,0
6,172,175,0
6,204,230,0
6,196,214,0
2,83,108,0
6,57,151,0
6,175,180,0
6,58,151,0
4,184,115,0
6,193,207,0
6,58,152,0
6,58,156,0
6,145,159,0
6,199,234,0
6,59,153,0
6,195,208,0
6,167,170,0
6,59,154,0
6,161,173,0
6,59,155,0
4,194,112,0
6,201,235,0
6,152,158,0
6,60,151,0
6,193,198,0
6,148,156,0
6,178,181,0
6,58,150,0
6,146,155,0
6,99,146,0
6,59,150,0
6,176,185,0
6,193,196,0
2,80,107,0
6,178,184,0
6,61,151,0
8,123,246,5218248
6,146,159,0
6,61,153,0
6,197,224,0
4,192,106,0
6,190,197,0
6,145,160,0
6,186,196,0
8,242,252,89187073
6,62,153,0
6,62,154,0
6,114,150,0
6,128,148,0
6,191,199,0
2,90,112,0
6,203,235,0
14,79,248,1575031093
6,63,151,0
6,63,153,0
6,103,145,0
6,64,153,0
6,176,177,0
6,64,155,0
6,182,190,0
6,183,187,0
6,202,236,0
6,61,149,0
6,121,146,0
6,120,145,0
6,64,149,0
6,172,182,0
6,65,150,0
6,174,181,0
6,65,152,0
6,178,178,0
6,97,148,0
6,65,153,0
6,178,180,0
6,66,150,0
6,177,180,0
6,66,151,0
2,86,110,0
6,66,153,0
6,109,148,0
6,119,151,0
2,82,105,0
6,179,180,0
6,185,194,0
6,114,144,0
6,67,152,0
6,111,144,0
4,202,114,0
6,190,193,0
6,68,150,0
6,186,195,0
4,204,116,0
6,68,151,0
6,157,165,0
6,64,148,0
6,83,148,0
6,205,234,0
8,139,252,-11212503
6,174,180,0
4,197,110,0
6,157,161,0
6,67,148,0
6,158,162,0
4,196,108,0
6,84,146,0
6,69,149,0
6,125,150,0
6,155,167,0
4,180,119,0
6,166,173,0
6,126,148,0
6,91,148,0
6,70,148,0
6,181,184,0
6,70,153,0
6,166,169,0
6,71,148,0
4,189,114,0
6,178,187,0
6,173,180,0
4,199,111,0
6,182,181,0
4,203,113,0
6,132,155,0
6,106,144,0
6,72,152,0
6,87,145,0
6,70,147,0
6,188,190,0
6,71,147,0
2,89,112,0
6,72,147,0
6,154,164,0
6,186,194,0
6,200,227,0
8,129,251,44267196
6,73,147,0
6,73,148,0
6,73,149,0
6,175,178,0
6,106,145,0
6,155,165,0
6,73,151,0
6,104,149,0
14,71,255,-2010650103
2,89,111,0
6,74,148,0
6,176,176,0
6,74,149,0
6,167,172,0
6,130,151,0
8,193,254,15618797
6,166,176,0
6,75,148,0
6,121,151,0
6,164,171,0
6,75,149,0
6,199,235,0
6,76,147,0
6,170,175,0
6,123,151,0
6,165,168,0
6,123,146,0
6,98,147,0
6,76,150,0
6,76,152,0
6,73,146,0
4,182,115,0
6,179,179,0
6,74,146,0
4,184,113,0
6,77,148,0
2,83,103,0
4,191,108,0
6,180,181,0
6,181,182,0
6,168,175,0
6,77,150,0
6,93,148,0
6,125,146,0
6,177,185,0
6,78,147,0
6,165,175,0
6,131,154,0
6,168,177,0
6,78,149,0
6,177,186,0
6,79,146,0
6,134,150,0
4,205,116,0
6,184,191,0
6,163,166,0
6,79,148,0
6,170,177,0
8,151,251,51317219
6,134,154,0
6,80,146,0
6,80,147,0
6,174,182,0
6,80,148,0
6,164,167,0
6,135,152,0
6,88,149,0
14,48,254,-1090847031
6,80,151,0
6,103,147,0
6,177,182,0
6,81,146,0
6,168,169,0
4,199,109,0
6,81,149,0
4,182,118,0
6,166,174,0
4,187,114,0
6,82,147,0
6,166,175,0
14,132,255,-1019918074
6,202,228,0
6,82,150,0
6,105,147,0
2,85,111,0
6,83,149,0
2,84,109,0
6,83,151,0
2,75,108,0
2,79,105,0
6,116,149,0
4,189,118,0
6,84,149,0
6,175,179,0
6,84,151,0
6,197,218,0
6,81,145,0
6,171,174,0
6,130,153,0
6,84,145,0
4,189,116,0
6,133,148,0
6,110,149,0
6,87,148,0
14,240,255,-760603825
6,186,186,0
6,100,149,0
14,217,255,1862941256
6,201,225,0
6,88,148,0
6,88,150,0
6,166,168,0
6,89,147,0
4,195,117,0
6,198,226,0
14,148,255,-1198229161
6,91,146,0
6,91,147,0
4,194,118,0
4,191,112,0
4,194,109,0
6,113,150,0
4,195,115,0
6,92,146,0
6,93,146,0
4,192,113,0
6,171,180,0
6,93,147,0
14,133,255,-540538686
4,200,118,0
6,93,150,0
14,241,255,1876099104
6,94,147,0
4,194,110,0
4,192,105,0
6,94,150,0
6,182,186,0
6,194,204,0
4,191,109,0
6,182,184,0
6,193,205,0
6,91,144,0
6,177,177,0
2,83,107,0
6,95,144,0
4,199,113,0
6,96,144,0
6,175,182,0
6,200,233,0
6,96,148,0
6,175,183,0
6,197,223,0
6,96,149,0
6,120,149,0
6,200,235,0
6,97,149,0
6,197,226,0
6,98,144,0
6,98,145,0
6,194,210,0
6,98,148,0
6,100,144,0
6,188,201,0
14,143,251,-1766180239
6,100,147,0
6,100,148,0
4,194,119,0
6,198,213,0
6,101,146,0
6,188,202,0
6,193,216,0
6,203,228,0
14,180,248,951615646
4,203,116,0
6,103,146,0
6,193,209,0
6,200,217,0
6,103,149,0
6,105,146,0
4,200,117,0
6,184,183,0
4,194,104,0
6,107,144,0
6,108,147,0
4,199,115,0
6,203,226,0
6,110,146,0
6,194,214,0
6,200,231,0
6,110,147,0
4,201,112,0
6,203,234,0
6,111,146,0
2,87,108,0
6,111,149,0
6,112,146,0
6,199,225,0
6,113,145,0
6,113,146,0
6,193,215,0
6,113,148,0
6,114,147,0
6,200,226,0
6,115,148,0
6,203,236,0
6,115,149,0
14,136,255,293940453
6,192,211,0
6,116,147,0
4,193,105,0
6,116,150,0
6,181,183,0
4,201,116,0
6,179,187,0
6,117,150,0
6,118,147,0
6,183,183,0
14,132,246,-859662001
6,195,221,0
6,119,145,0
6,119,146,0
6,172,174,0
6,120,147,0
6,173,173,0
4,193,114,0
6,169,179,0
6,121,147,0
6,121,149,0
4,182,116,0
4,191,115,0
6,122,147,0
4,192,114,0
6,164,168,0
6,191,205,0
6,124,147,0
4,197,107,0
6,124,149,0
4,192,115,0
6,127,148,0
4,191,116,0
6,128,149,0
6,189,190,0
2,80,106,0
4,187,119,0
6,185,197,0
6,187,195,0
6,191,192,0
14,137,255,-560274117
6,129,147,0
6,129,152,0
6,189,199,0
6,130,149,0
6,130,150,0
6,201,226,0
4,182,114,0
6,184,187,0
6,171,173,0
6,132,153,0
4,196,107,0
4,202,113,0
6,176,178,0
6,132,154,0
6,176,182,0
6,190,207,0
6,134,151,0
6,176,183,0
6,134,153,0
4,188,109,0
6,135,149,0
6,183,194,0
4,183,120,0
6,188,194,0
6,192,201,0
6,185,195,0
6,134,155,0
4,199,117,0
6,190,191,0
4,193,106,0
6,136,155,0
6,180,190,0
6,137,154,0
4,192,108,0
4,192,120,0
14,7,255,-945012803
6,137,155,0
6,138,153,0
6,202,222,0
6,134,156,0
6,156,167,0
6,178,188,0
2,77,106,0
4,181,117,0
6,139,154,0
6,139,155,0
4,187,112,0
6,139,156,0
2,82,109,0
6,167,171,0
6,139,157,0
6,163,174,0
6,140,157,0
6,141,152,0
6,158,169,0
6,204,235,0
4,181,116,0
6,143,155,0
6,154,160,0
14,255,255,-540377750
6,199,218,0
6,144,156,0
6,154,163,0
6,141,159,0
2,77,108,0
6,153,165,0
6,145,154,0
6,155,161,0
6,145,156,0
4,193,117,0
6,146,156,0
6,159,172,0
14,118,253,-665304402
6,142,160,0
6,147,159,0
6,202,230,0
6,148,161,0
4,191,114,0
6,149,156,0
6,149,162,0
6,150,157,0
6,168,172,0
6,150,160,0
6,150,161,0
6,167,175,0
6,185,191,0
6,151,159,0
6,170,173,0
6,182,192,0
6,169,176,0
4,191,119,0
4,196,119,0
6,162,168,0
6,197,228,0
6,152,162,0
6,163,165,0
6,165,174,0
6,150,164,0
6,163,170,0
6,153,160,0
6,161,171,0
6,153,161,0
6,203,223,0
2,82,111,0
2,82,103,0
6,156,160,0
6,154,167,0
6,202,220,0
6,158,164,0
6,159,166,0
2,79,108,0
6,160,166,0
6,192,197,0
2,84,107,0
6,192,200,0
14,66,253,1412111348
2,87,112,0
14,160,251,-252790368
2,86,107,0
6,162,173,0
6,167,173,0
6,167,174,0
4,189,109,0
6,167,176,0
6,172,173,0
6,172,178,0
6,173,176,0
4,196,106,0
4,184,114,0
6,176,180,0
6,177,183,0
14,122,251,354308771
4,192,109,0
4,183,118,0
14,139,250,-1034754953
6,183,186,0
4,181,115,0
14,109,249,-1328888844
6,184,188,0
6,186,191,0
6,187,190,0
6,184,192,0
6,185,193,0
2,83,105,0
2,87,107,0
2,85,112,0
6,190,196,0
2,85,110,0
14,158,252,1786833030
2,78,105,0
14,130,248,1958356902
6,189,200,0
4,191,118,0
14,132,247,-1196882709
2,78,106,0
6,193,203,0
6,195,201,0
4,195,118,0
6,192,207,0
6,202,227,0
6,203,224,0
6,192,210,0
2,82,110,0
4,182,119,0
6,194,213,0
6,195,216,0
6,199,212,0
6,201,218,0
6,199,224,0
6,197,227,0
6,201,228,0
6,202,235,0
2,84,112,0
2,77,109,0
2,85,108,0
4,189,112,0
4,194,117,0
4,193,116,0
4,190,108,0
4,197,112,0
4,181,118,0
14,111,255,1235954145
14,143,255,1753130497
14,134,255,-996670181
14,239,255,1764992708
14,9,255,501007427
14,10,255,-964410047
14,246,255,-1225435146
14,221,255,1161332514
14,117,251,360422285
14,66,254,-423911671
14,177,255,1243184897
8,126,245,39437877
14,87,249,-1978862995
14,117,255,728423857
8,96,245,520
14,99,255,1745074326
14,76,249,1892554036
14,119,255,1123195764
14,100,255,-847360299
14,91,255,781785050
8,82,252,129063609
14,116,254,709012842
14,150,249,-2076980740
14,112,255,-763335387
14,11,255,1416142329
14,105,255,1522241306
14,119,253,-1516736160
8,63,253,98766781
14,154,250,1505327107
14,155,249,528000314
14,13,255,-1521713072
14,107,255,-220610591
14,111,253,1126879773
14,109,252,-1477764705
8,95,249,80903198
14,103,255,1020427880
8,134,248,-41820878
8,224,253,-63990025
14,125,251,-434055848
8,77,253,156608680
14,15,255,-1368213949
14,162,247,-2114486998
14,92,255,1316115260
8,161,249,-66313526
14,93,255,-1928833705
8,153,248,120
14,170,250,1685228297
14,113,255,504110939
14,94,255,1956208295
14,98,253,1091330187
14,23,255,-575715549
14,115,255,87834251
8,109,246,215804834
14,112,254,1160714619
8,160,249,110
8,184,248,100
14,89,250,193204043
14,135,254,-448274916
14,134,254,-198992412
8,81,248,110
14,123,255,1715004870
14,25,255,1280338279
8,183,253,77809121
8,183,252,90222374
14,123,252,810779941
8,161,250,-58332552
14,109,251,1340463114
14,110,252,-1058177088
8,132,252,182656322
14,88,253,13686620
14,127,255,569245071
14,82,251,765668761
8,116,251,79105166
14,25,254,1320029059
14,113,253,779208907
14,114,254,584801164
14,17,254,-1520162726
14,126,251,473487397
14,127,245,712985268
14,121,254,392768571
14,116,250,624505889
14,138,247,1042006260
8,112,251,281032536
8,142,247,-179179823
14,124,252,1898398769
8,194,255,-82749279
14,127,252,1557766047
8,178,255,63590222
14,150,246,642805659
14,122,254,-1368769740
14,112,252,1254462975
8,88,248,120
14,95,252,265956361
14,64,252,-116448876
14,124,254,-1685168553
14,125,254,-884733679
14,126,254,899236933
8,103,247,108018452
14,131,254,-249771887
14,115,253,711220945
14,135,253,-1542647247
14,109,255,-365707952
14,124,253,539933135
8,185,252,27215366
14,125,253,-937839694
8,127,248,50457093
14,126,253,-1893125614
14,88,255,604669797
8,112,253,100
14,83,251,931100798
14,127,251,1253738695
8,177,251,76660089
14,124,251,1092447399
8,115,252,47879872
8,114,253,100
14,116,252,957595425
14,129,250,-1981551619
14,129,249,132414539
8,117,252,62290268
14,141,247,-2030840655
14,122,250,1436610463
14,128,253,928705555
14,118,252,2118235564
14,135,246,182679224
8,155,248,17413105
14,129,254,341644788
14,131,252,946931111
8,81,255,36120129
14,133,252,1001766043
14,132,253,1227125480
14,131,247,529480571
14,186,251,-2090027099
14,129,252,854218317
14,117,253,-872432149
14,190,251,-498051618
8,79,253,66082970
14,127,250,-504865438
14,89,247,-2128813967
14,125,249,931300010
14,100,246,1940652071
14,113,251,804491315
14,178,253,1930954229
14,93,253,-1866785593
14,128,251,1093085672
8,107,251,55593184
14,161,247,-1184238635
8,119,254,110
14,132,251,406173232
8,165,255,105
14,129,253,1231260429
14,170,249,1078980654
14,130,253,1280525645
14,112,248,-1139018120
14,131,253,-711285303
14,97,252,-2056696592
8,199,253,1485
8,120,255,110
14,130,251,984483199
14,65,252,1333894222
8,120,253,-70811466
14,152,247,788928754
14,110,246,1763603785
14,137,248,-1305916981
14,131,250,816905808
14,135,251,462964806
14,120,248,662719638
8,123,248,87126889
14,173,251,1281269103
8,146,251,3915590
14,138,250,950869077
14,139,248,-711776053
8,250,254,115
8,145,252,59436391
14,108,250,-616731070
14,150,248,73469084
8,88,252,115
14,149,248,-1707628957
14,104,254,1945459619
14,141,249,1315396334
14,136,249,-1421860976
8,158,249,-45326606
14,167,248,-1396762253
8,145,251,-46215971
14,196,251,1823019300
14,140,248,588155962
8,107,245,105
14,140,250,433811314
14,138,249,1360205136
14,140,254,-397676691
14,209,252,821530351
8,151,249,110
14,84,250,1299747202
8,148,253,139742110
14,154,249,-1360149615
14,53,254,-1520289578
8,101,246,105
14,141,251,113233854
14,144,254,-595732995
14,95,250,1703825604
8,151,253,120
14,67,252,2091719751
14,137,251,817920256
14,140,249,1321329128
14,135,249,61098064
14,127,249,1009139800
14,202,252,-703524001
14,99,252,1076126827
14,138,248,1123570534
14,140,252,-371387386
14,110,249,-1295005847
14,177,248,1527054640
14,139,253,65179997
8,100,254,100
14,140,253,-819551578
14,143,254,867040268
14,192,252,1806599884
14,191,252,-661453268
14,144,255,902686057
14,143,248,52599782
8,164,252,-22399001
14,147,248,1093562022
14,144,250,534849202
14,92,251,2135737422
14,145,250,-898673142
14,146,254,162034096
14,146,252,1203023313
14,142,250,566084824
14,143,253,-423188235
14,68,252,-846282588
14,169,249,767243155
14,143,252,-424651283
14,171,253,-672774628
14,146,247,-1017969767
14,145,249,512966992
8,212,255,1805
14,147,251,-1079599635
14,149,251,1497991601
14,150,250,-1498879670
14,64,255,1341144217
8,143,247,110
14,146,253,-330368516
8,111,247,70485347
14,148,254,1809630321
14,248,252,1747831462
14,168,250,1389936845
8,244,254,120
14,150,252,1956622291
8,177,249,18712248
14,223,253,-1209428915
8,74,252,695304
8,188,251,59080883
14,147,252,616324603
14,149,254,-395194981
8,172,249,-43089991
8,139,247,-22447550
14,26,254,-987429852
14,152,251,1026342096
14,212,252,-2111963418
14,67,254,-260808864
14,149,253,967335164
8,188,253,-10557895
8,200,253,74405502
14,150,254,-1721459676
14,157,248,2000107124
8,198,254,110
14,164,250,378670607
14,172,252,-2084338187
14,95,246,856035250
14,154,254,1064254793
14,75,254,991114285
8,239,252,169750794
14,155,251,-816574632
8,199,254,-1537942029
14,157,252,1827168739
14,78,251,1105154161
14,155,255,1718741406
14,39,254,1933922831
8,144,249,110
14,155,254,-1134257668
8,198,252,68515499
14,170,252,-1847836492
14,16,255,748310515
14,160,247,440444303
8,232,254,115
14,213,254,-1587743105
14,214,253,-1167396320
14,170,254,-1752885368
14,158,255,304301437
14,169,252,-1515745215
14,238,252,1597367703
14,155,253,1364232761
14,157,254,1585199676
14,165,252,-506460584
14,90,247,1555781029
14,181,254,706685794
14,120,246,-1129109238
14,239,253,1133436882
14,192,255,604942366
8,153,251,105
14,242,253,1783739418
14,159,253,1156352034
8,142,249,-78760175
14,162,254,-1198989362
14,174,254,706937003
14,245,255,37520889
14,192,254,-562765293
14,18,254,-779229953
14,168,254,1397877485
14,54,254,1278716935
8,230,254,30590749
14,191,254,588124551
8,206,253,93627605
14,220,254,868321470
14,159,252,-92826785
14,160,254,896131288
14,44,255,-1911624096
8,144,251,105
8,201,253,9310401
14,186,250,1172478567
14,238,255,1754959291
8,152,255,105
14,169,253,2074228614
8,215,254,2521191
14,190,255,1766648887
14,85,248,638205609
14,179,255,351117556
14,193,253,904545362
14,237,253,1538590697
14,27,255,-1951376343
14,209,254,1060866412
8,136,253,115
14,207,255,2023113870
14,69,254,1849467216
14,205,255,1170900841
14,85,255,224374688
8,131,251,100
14,58,254,-462687378
8,199,252,74405497
14,225,255,-2051468196
8,114,250,115
14,66,255,1401082518
14,251,255,-1813429993
8,105,248,110
14,186,254,551504263
8,175,254,105
14,224,255,-592764294
14,223,254,1407477872
8,111,250,227092969
8,108,253,-37293318
8,254,253,76590635
14,206,254,1287222963
14,196,255,580328694
8,106,247,20923011
14,86,252,604812570
14,231,253,-1678221843
8,101,255,105
8,210,253,-1309521272
14,203,255,187763207
14,254,254,1531810497
8,101,253,110
14,83,249,182394096
14,179,254,256450915
14,76,251,289845448
8,166,254,115
14,210,255,1866280420
14,77,254,555115177
14,230,253,611812877
8,216,255,30351634
14,47,255,-1689918009
14,238,254,-857250871
8,150,251,100
14,236,254,458226929
14,32,255,1295186432
8,160,253,110
14,204,254,219909111
14,195,255,-1654987685
14,70,254,1385866541
14,73,252,-395959681
14,205,253,-1595702037
14,47,253,-1320820450
8,82,248,-509925778
8,95,247,110
14,184,252,1937723636
14,216,254,607030654
8,81,253,93107916
14,227,253,-1934818302
8,85,251,120
14,240,252,520914825
8,61,250,100
14,178,254,925919342
8,177,252,190
8,72,253,110
8,104,251,-665658
14,245,253,2119713015
14,251,253,1342483252
14,178,250,1178546951
8,86,255,105
8,92,250,105
8,174,248,-689705804
14,66,251,-1989341526
8,88,247,105
14,99,248,1678769703
14,226,253,-550185245
14,174,253,1499884325
14,184,251,1109386243
8,101,248,38408354
8,80,248,105
14,184,253,1556180282
8,134,253,110
8,35,253,-2078264939
14,173,250,615339506
8,185,253,110
14,167,251,261175832
14,232,252,1780668470
8,130,250,105
14,149,246,1195203781
8,128,245,105
14,189,252,312335001
8,114,248,-16037748
14,173,253,1752702986
14,171,254,-425067661
8,176,255,100
14,208,253,876702447
8,113,247,54447479
14,84,247,1655326054
14,201,254,186205830
8,85,249,58648046
14,172,251,-1444362458
14,217,252,520303625
14,72,251,807441378
8,72,249,100
8,111,254,100
14,145,247,-2046513240
14,189,253,-1874105357
14,155,247,-1528629441
14,233,253,1530990820
8,171,251,-94357522
14,205,252,-1391903986
8,87,247,21935945
14,142,248,-1575205574
14,159,247,-1612144712
14,240,253,-1432944637
8,117,246,34488341
14,166,249,579516122
14,161,248,-2005747774
8,80,254,60466182
14,215,252,1785122347
14,206,252,2111005304
14,175,249,650971153
14,135,248,-836419675
14,214,254,-556608983
14,134,246,516947193
14,150,247,-1247997949
14,157,250,-1004921728
8,154,255,100
14,157,249,-906534309
8,169,250,105
14,147,247,-275722884
8,137,254,115
8,211,253,105
14,172,250,1161744256
8,102,249,38408354
14,255,252,1553620815
8,126,248,2420
14,162,253,1196977828
8,161,246,110
14,179,249,-1215683929
8,122,248,-84714938
8,122,245,5218253
14,178,249,374242736
8,139,255,110
8,91,248,120
14,163,252,58478497
14,181,249,19361837
14,127,246,-1515404168
8,93,251,-87936994
14,48,255,1205261018
14,185,250,218153053
8,129,255,105
14,195,251,2005743753
8,236,255,105
14,162,249,679262107
8,88,254,28450698
14,49,255,483229625
8,113,246,1050
14,19,254,-79214023
8,136,248,105
8,104,248,89782558
14,43,255,607717905
14,156,248,1876889552
8,57,254,71463249
14,120,245,-492102797
14,204,252,-1849171992
14,123,249,1742535715
14,120,252,-1326636582
14,86,249,1072884130
14,140,247,-448952984
8,54,252,100
14,118,249,-1736683654
8,96,254,74543102
14,223,252,1723123080
8,87,248,105
14,119,247,642102631
8,100,253,2215
14,121,248,-1694300982
14,120,251,1700719242
14,123,245,104362878
14,119,246,804061279
14,57,253,1498232662
14,118,248,-2107622311
8,241,254,115
8,209,253,100
14,121,251,-1823524040
14,148,247,813601933
8,177,254,100
8,246,254,115
14,168,248,749446919
14,188,250,1505564655
14,20,254,1319885688
8,180,254,110
8,252,255,105
14,119,245,-1001847339
14,118,247,-1665418351
8,240,254,105
14,119,249,225807990
8,253,254,110
8,176,254,-370373554
8,154,253,105
14,179,251,-848070810
14,118,246,178672912
14,83,254,121484029
8,163,254,115
14,117,245,511091776
8,159,254,105
14,77,252,1270338234
8,206,255,100
14,113,249,-1812895462
8,227,252,105
8,167,255,110
14,112,250,1772286035
14,113,248,-320757065
8,168,252,115
8,166,253,105
8,117,254,105
14,108,246,523191947
14,111,251,1789408277
8,124,248,1795
14,112,247,1409704612
8,129,247,110
14,109,247,2029298929
8,130,245,100
14,106,250,356148436
8,156,250,8024885
14,109,253,-745868558
14,76,253,1038195116
8,156,249,100
8,148,251,105
14,18,255,-1565715197
14,111,249,980162878
8,202,254,115
8,144,253,110
14,106,251,670237645
14,106,252,-1592314653
14,107,249,-3107009
8,164,251,110
14,107,250,362008119
8,249,253,115
14,108,249,-2111879411
14,32,254,1617141678
8,213,253,64826005
8,230,252,105
14,103,251,-13315464
14,76,248,-2118592816
8,158,250,110
8,195,252,115
14,104,253,-2063049178
14,103,254,196959950
8,122,247,110
8,252,253,110
8,134,250,115
14,80,255,722400482
14,105,250,1020292104
8,141,254,110
8,158,251,110
14,99,251,-1049973208
14,99,250,-1532693165
8,141,250,100
8,201,255,105
14,44,254,1837242392
8,229,255,100
8,208,255,110
14,78,254,669095807
14,97,254,1204735313
14,93,249,-1558926880
14,97,251,207020197
8,190,254,110
14,50,255,1705520348
14,97,253,-1148327091
8,192,250,-94620719
8,149,255,105
14,102,252,699382566
8,188,252,105
14,96,252,-2030084877
8,154,252,110
8,132,250,100
14,13,254,-394923435
14,213,252,1296518081
8,131,249,110
14,75,249,2144440359
8,139,254,105
14,35,254,-1248964481
14,63,254,1172745942
14,94,251,-1672978042
8,136,252,115
8,69,253,-1199872
8,212,254,105
14,79,254,486921153
14,27,254,1252463716
8,78,249,25317978
8,243,253,110
14,144,246,17557361
8,187,255,110
8,51,254,-56500959
14,82,253,1862156236
14,29,254,-911834488
8,194,253,110
8,72,255,100
8,241,253,105
14,89,253,-1309440925
14,94,250,1715278888
8,28,254,105
14,94,253,646833220
8,253,253,100
8,247,252,105
8,8,254,-74190967
14,79,252,535760685
14,96,253,228137956
8,94,252,105
14,58,253,1379396025
8,217,254,105
14,30,254,1473384104
8,226,255,110
14,74,253,313396537
14,90,255,340009309
8,165,254,110
14,33,254,-1657699181
8,187,254,83147372
14,78,253,298975571
14,51,255,-1636444023
14,52,255,695254930
8,235,254,110
14,60,253,493637752
8,163,250,-212955
14,45,254,-1301912671
14,19,255,739492196
14,61,253,32942152
8,152,253,105
8,154,251,100
14,6,254,146349190
8,161,252,-58119477
8,70,251,27891496
8,75,250,33439175
14,84,254,-2131084080
14,89,254,569011958
8,97,246,105
8,59,254,-4103316
14,54,255,2030530830
8,84,252,120
14,40,255,342984443
8,111,246,105
14,67,255,-1597833125
8,96,248,110
14,64,254,-1240629011
8,96,250,68734985
8,14,254,105
14,78,255,415050252
8,95,251,68734980
8,102,247,110
14,56,255,1243115690
14,34,254,-832108408
14,58,255,873468495
8,179,252,202971929
14,1,254,526545039
8,70,252,105
14,59,255,1202963076
14,4,254,1337587235
8,182,252,105
14,41,254,-1436449947
8,55,252,-101856483
14,29,255,840139567
8,116,247,1200
14,33,255,-1767938829
8,114,245,0
8,115,249,115
14,34,255,356809790
8,93,254,110
8,153,247,100
8,79,250,25317983
8,83,248,110
14,36,255,620742999
8,83,247,100
14,10,254,415140108
8,197,251,68515489
8,195,253,110
14,76,255,856775700
8,159,250,110
14,38,254,1652370381
8,115,246,100
14,41,253,1066319561
8,114,249,100
8,117,247,105
8,98,255,-302893412
8,123,247,1700
8,103,252,110
14,46,254,2085748401
8,75,253,100
8,85,252,100
8,88,251,-101698786
14,42,254,603790667
8,75,255,100
14,49,254,1176601017
14,81,250,1172187747
8,96,247,105
8,159,248,110
14,89,251,-2033977842
8,102,254,110
8,95,253,100
8,201,251,-79350959
14,68,253,-23999532
8,125,248,100
14,23,254,419645782
8,124,246,1710
14,86,250,-2001491331
8,125,246,105
8,122,246,105
14,96,251,1374697580
14,98,249,1197223655
8,93,248,110
8,21,254,105
8,89,255,100
8,81,254,-358649024
14,101,249,768164877
8,60,251,54005612
14,98,251,-134468744
8,100,249,110
14,103,248,1795648878
8,82,255,110
8,79,255,100
14,86,247,438716805
8,79,251,105
8,68,254,105
8,98,247,110
14,103,246,364717851
8,98,252,100
14,137,246,607746620
14,107,247,418458134
8,77,251,105
14,79,249,506357338
8,98,254,100
8,183,254,-60956885
8,235,253,105
14,87,246,1387502192
8,196,253,66641878
8,176,249,-48731464
8,163,247,100
8,197,255,105
14,98,246,-2044259756
8,207,254,110
14,106,245,1734016877
8,234,254,115
8,205,254,100
14,88,246,689948873
8,162,255,110
8,136,251,105
8,175,250,-48731459
14,149,247,659748958
8,176,253,105
14,76,250,668781399
8,185,251,100
14,175,252,638970010
8,222,254,110
14,194,251,1744739722
8,128,250,105
8,114,252,375
14,222,252,-2082662202
8,136,246,105
14,155,250,160495497
8,124,247,-63848532
14,193,251,-1707674097
8,162,246,100
8,144,252,100
8,168,249,105
14,178,251,1533199627
8,177,250,-48731464
8,142,252,115
8,244,255,100
8,212,253,100
14,197,253,1401350773
14,187,253,1662945461
8,250,253,100
8,233,254,105
14,234,252,-236757617
8,249,254,100
14,161,251,-1162391778
14,203,252,1807762340
8,227,254,115
14,171,250,-1887152666
8,182,254,100
14,174,252,1670610051
8,183,249,105
14,162,250,-4261307
8,182,253,-1569951527
14,186,252,-1260140093
8,183,250,-1520417009
14,174,249,-1271856614
8,159,245,100
14,173,249,-2117903717
14,197,252,1370307691
8,186,247,100
14,200,252,1408756663
8,133,247,110
14,192,251,-1842469155
8,152,250,105
14,60,252,1080110157
14,200,251,-1587021238
8,146,249,115
14,191,251,998946413
14,176,250,-974631259
8,148,248,105
14,189,251,-323949188
8,4,255,100
14,180,252,1950132053
8,142,254,110
14,59,251,811764838
14,179,253,2109304350
8,158,253,110
8,214,255,105
14,73,251,-1929343230
8,209,255,100
14,70,250,557827692
8,138,253,115
14,218,252,50490647
8,226,254,105
14,221,252,-1709945519
8,146,250,105
14,24,254,-892962706
8,191,250,105
8,181,250,110
8,152,252,105
8,121,255,105
8,221,254,105
8,137,253,105
8,133,251,105
14,50,254,541185576
14,64,253,836152314
8,134,251,105
8,78,250,105
14,62,252,-623798813
8,136,247,110
14,60,254,-1285031476
8,219,252,105
14,49,253,-415624610
8,207,252,105
14,65,253,1948860489
8,123,250,105
8,169,255,115
8,161,255,105
8,181,255,105
8,119,251,115
8,185,255,110
8,156,255,110
8,189,255,105
8,247,253,115
8,163,255,100
8,170,255,105
8,118,255,105
8,241,252,100
8,136,254,100
8,203,254,105
8,122,255,100
8,196,254,110
8,210,252,100
8,115,254,100
8,210,254,100
8,124,255,105
8,126,255,105
8,224,254,105
8,113,254,100
8,111,252,100
8,121,250,110
8,237,255,105
8,132,254,105
8,181,252,110
8,149,249,110
8,208,254,100
8,127,253,105
8,149,252,105
8,110,253,100
8,128,254,110
8,151,254,105
8,130,254,100
8,148,249,105
8,152,254,2500
8,110,255,100
8,124,249,100
8,122,249,105
8,117,250,100
8,174,250,105
8,133,253,105
8,113,252,100
8,121,253,105
8,126,247,110
8,156,253,115
8,128,252,100
8,110,254,-633052776
8,130,252,100
8,174,251,100
8,135,250,105
8,135,247,105
8,126,249,105
8,143,250,105
8,91,247,105
8,136,250,105
8,138,252,110
8,151,250,100
8,142,251,100
8,140,251,105
8,190,253,110
8,145,255,110
8,31,255,110
8,142,253,105
8,141,252,105
8,145,253,105
8,252,254,105
8,147,250,105
8,128,249,100
8,147,253,105
8,149,250,100
8,156,251,110
8,180,250,115
8,148,252,100
8,165,250,115
8,153,254,100
8,163,251,105
8,156,254,100
8,157,253,100
8,161,253,105
8,154,247,-229294395
8,186,255,100
8,183,255,-1551859587
8,182,255,-28398724
8,219,255,115
8,191,255,100
8,165,253,100
8,204,255,100
8,199,255,100
8,189,254,100
8,198,255,-64648853
8,248,253,100
8,228,254,105
8,102,251,110
8,213,255,100
8,211,255,100
8,242,254,105
8,223,255,105
8,192,253,105
8,173,252,100
8,65,254,105
8,166,251,110
8,211,254,-1309521322
8,238,253,100
8,186,253,100
8,243,254,100
8,255,253,105
8,195,254,100
8,73,249,-419393240
8,201,252,100
8,167,252,100
8,224,252,100
8,194,254,2460
8,157,251,100
8,28,255,100
8,218,253,110
8,174,255,100
8,244,253,100
8,229,253,105
8,134,247,100
8,237,252,100
8,198,251,105
8,191,253,100
8,132,249,-156030132
8,245,252,100
8,231,252,100
8,196,252,100
8,219,253,110
8,203,253,110
8,159,249,-1916103875
8,87,252,110
8,154,246,100
8,152,248,105
8,202,253,100
8,163,246,-114020068
8,131,246,100
8,126,246,100
8,9,254,100
8,124,245,100
8,165,249,105
8,187,252,105
8,144,247,105
8,164,249,105
8,181,251,105
8,168,251,105
8,160,246,100
8,125,247,1800
8,102,246,100
8,112,246,100
8,119,250,105
8,110,251,105
8,156,252,105
8,104,250,110
8,118,245,100
8,115,248,1795
8,143,245,105
8,115,247,595
8,116,248,110
8,116,246,1790
8,115,250,100
8,122,252,105
8,116,245,100
8,114,247,1165
8,114,246,-1062299042
8,102,250,110
8,101,251,115
8,101,254,2215
8,84,248,105
8,248,254,440
8,108,252,110
8,100,248,105
8,104,249,105
8,103,250,100
8,92,246,105
8,100,252,110
8,106,249,105
8,81,249,110
8,90,251,110
8,88,249,105
8,97,255,100
8,78,252,100
8,87,255,100
8,84,251,100
8,80,252,105
8,76,254,100
8,200,255,-85133684
8,71,254,100
8,86,253,105
8,87,253,100
8,84,255,105
8,81,252,-553874436
8,84,253,100
8,73,253,105
8,77,255,100
8,74,254,105
8,72,252,100
8,127,247,100
8,56,253,100
8,80,251,110
8,73,254,100
8,71,251,105
8,61,254,105
8,77,249,105
8,76,252,100
8,202,255,100
8,87,251,110
8,81,251,100
8,69,250,100
8,86,251,100
8,84,249,100
8,96,249,2090
8,87,250,105
8,101,250,100
8,139,251,105
8,98,248,100
8,74,251,105
8,102,248,100
8,82,247,-135168888
8,91,249,100
8,95,248,100
8,94,249,100
8,14,255,100
8,100,247,105
8,119,248,100
8,106,246,100
8,104,247,105
8,92,248,100
8,107,248,100
8,104,246,100
8,36,253,100
8,108,247,100
8,96,246,100
8,113,245,0
8,90,248,105
8,139,245,100
8,110,245,100
8,91,246,100
8,126,250,105
8,140,246,100
8,151,246,105
8,71,253,-198742898
8,182,249,100
8,77,250,100
8,158,247,110
8,194,252,105
8,187,250,105
8,198,253,100
8,200,254,100
8,183,248,-217213496
8,83,252,100
8,163,249,100
8,190,252,100
8,180,251,100
8,181,253,105
8,170,251,105
8,183,251,100
8,150,255,105
8,193,252,100
8,180,253,100
8,251,252,100
8,59,252,105
8,82,249,105
8,44,253,100
8,154,248,100
8,146,248,100
8,104,255,100
8,30,253,100
8,160,250,100
8,74,249,100
8,86,248,100
8,80,249,105
8,67,253,100
8,148,250,1940
8,166,250,105
8,66,252,100
8,145,248,-1291533403
8,189,250,105
8,61,252,100
8,71,250,100
8,63,252,100
8,70,253,100
8,50,253,100
8,82,250,100
8,94,248,1920
8,166,255,1110
8,254,255,100
8,248,255,100
8,2,255,100
8,153,255,1110
8,140,255,100
8,249,255,-549363871
8,171,255,100
8,151,255,100
8,168,255,100
8,215,255,935
8,8,255,100
8,234,255,105
8,222,255,100
8,146,255,105
8,227,255,100
8,147,255,105
8,142,255,100
8,6,255,100
8,193,255,100
8,231,255,105
8,233,255,100
8,105,254,105
8,116,255,100
8,108,254,105
8,123,253,105
8,120,254,100
8,106,255,100
8,12,255,105
8,135,252,105
8,128,255,100
8,114,255,100
8,24,255,100
8,144,248,100
8,131,248,105
8,125,255,100
8,123,251,100
8,132,248,100
8,133,254,100
8,26,255,100
8,118,254,100
8,125,250,100
8,108,255,100
8,125,252,100
8,121,249,105
8,127,254,100
8,133,249,-829928963
8,116,253,100
8,134,252,100
8,122,253,100
8,130,249,100
8,118,251,100
8,119,252,100
8,159,251,100
8,151,248,105
8,137,252,100
8,158,248,100
8,137,250,105
8,133,250,480
8,139,249,100
8,138,254,100
8,141,248,100
8,134,249,100
8,133,248,465
8,172,253,105
8,138,251,100
8,137,249,100
8,141,253,100
8,143,249,100
8,175,251,-836625531
8,153,249,100
8,147,254,100
8,145,254,100
8,150,253,100
8,147,249,100
8,162,252,105
8,178,252,100
8,153,252,-147581950
8,165,251,100
8,233,252,100
8,151,252,100
8,160,252,100
8,225,254,105
8,171,252,100
8,155,252,100
8,157,255,100
8,177,253,-272174064
8,158,254,100
8,162,251,100
8,161,254,100
8,169,254,100
8,188,255,-183199192
8,184,255,280
8,229,254,540
8,180,255,100
8,170,253,100
8,164,253,-118016550
8,163,253,100
8,232,255,390
8,173,254,105
8,167,254,100
8,220,255,100
8,164,254,100
8,168,253,100
8,188,254,360
8,185,254,100
8,167,253,460
8,228,255,345
8,255,254,100
8,239,254,100
8,197,254,100
8,218,255,100
8,235,255,345
8,245,254,100
8,230,255,330
8,215,253,100
8,228,253,100
8,219,254,100
8,251,254,100
8,246,253,100
8,218,254,440
8,247,254,100
8,217,253,100
8,236,252,215
8,231,254,100
8,175,253,100
8,204,253,100
8,234,253,100
8,246,252,330
8,235,252,-260433399
8,176,252,-240817414
8,187,251,100
8,153,246,210
8,130,246,-125379058
8,167,249,105
8,172,254,100
8,169,251,100
8,199,251,100
8,156,247,105
8,221,253,105
8,225,253,100
8,167,250,100
8,220,253,100
8,232,253,100
8,190,250,100
8,146,246,105
8,160,248,100
8,117,248,100
8,214,252,100
8,130,247,100
8,207,253,100
8,118,250,-1539855520
8,151,247,100
8,137,247,100
8,120,247,105
8,128,246,100
8,171,249,105
8,179,250,100
8,133,246,100
8,171,248,100
8,139,246,-622392180
8,129,248,100
8,128,247,400
8,180,249,100
8,254,252,100
8,129,246,-1290350096
8,226,252,100
8,121,245,105
8,121,246,105
8,237,254,100
8,145,246,100
8,121,247,100
8,116,249,100
8,120,250,105
8,110,248,110
8,105,253,110
8,107,254,-275806070
8,110,247,100
8,115,251,375
8,109,250,105
8,117,249,-1436308007
8,120,249,100
8,112,249,100
8,111,248,100
8,113,250,100
8,105,252,110
8,106,253,100
8,106,248,380
8,107,253,-77882976
8,102,255,100
8,104,252,100
8,110,250,100
8,103,253,105
8,105,249,100
8,105,251,100
8,107,252,100
8,108,251,100
8,101,247,360
8,102,253,100
8,99,254,-302893322
8,75,252,-93921919
8,16,254,100
8,52,254,100
8,96,255,255
8,69,251,-805026844
8,100,251,100
8,101,252,100
8,80,250,100
8,95,254,-98627297
8,94,254,100
8,92,254,110
8,58,252,100
8,91,254,105
8,30,255,100
8,22,254,100
8,40,254,105
8,40,253,100
8,85,250,100
8,92,252,-513076381
8,90,253,105
8,91,253,-149813935
8,11,254,105
8,92,253,100
8,41,255,105
8,31,254,100
8,86,254,-13073873
8,87,254,225
8,90,252,-352113789
8,91,252,-302649933
8,36,254,-383111202
8,90,254,100
8,7,254,-533883832
8,53,255,100
8,83,255,100
8,39,255,105
8,62,254,100
8,55,255,105
8,85,254,100
8,65,255,100
8,17,255,100
8,45,255,105
8,57,255,100
8,20,255,100
8,3,254,100
8,80,253,220
8,46,255,100
8,21,255,100
8,0,254,100
8,72,254,200
8,22,255,-390441160
8,35,255,100
8,73,255,90
8,42,255,100
8,89,252,100
8,60,255,-155230308
8,61,255,-18626643
8,37,255,110
8,82,254,100
8,38,255,100
8,27,253,100
8,43,254,100
8,5,254,100
8,68,255,105
8,69,255,100
8,62,253,-273924969
8,85,253,140
8,37,254,100
8,91,250,-181292287
8,93,252,100
8,12,254,100
8,91,251,100
8,62,255,-522135514
8,88,250,100
8,75,251,100
8,90,249,-119482950
8,92,249,-464911582
8,74,250,-32590454
8,55,254,100
8,97,250,100
8,97,247,75
8,99,247,100
8,73,250,-251524408
8,93,250,100
8,97,248,75
8,99,249,100
8,98,250,-74266768
8,100,250,-359491677
8,89,248,100
8,90,250,100
8,71,252,60
8,108,245,100
8,48,253,-537442644
8,92,247,-55146249
8,69,252,-140087224
8,108,248,-401682220
8,129,245,40
8,157,247,100
8,109,245,45
8,93,247,100
8,143,246,100
8,182,250,-107041498
8,138,246,100
8,182,251,30
8,184,250,100
8,152,249,20
