1000,1,0,0,0,8
0,0,0,0,0,8
1000,1,0,0,0,8
1000,1,0,0,0,8
1000,1,0,0,0,8
0,0,0,0,0,8
0,0,0,0,0,8
0,0,0,0,0,8
1000,1,0,0,0,8
0,0,0,0,0,8
1000,1,0,0,0,8
0,0,0,0,0,8
0,0,0,0,0,8
0,0,0,0,0,8
1000,1,0,0,0,8
0,0,0,0,0,8
1000,1,0,0,0,8
1000,1,0,0,0,8
1000,1,0,0,0,8
1000,1,0,0,0,8
1000,1,0,0,0,8
0,0,0,0,0,8
1000,1,0,0,0,8
1000,1,0,0,0,8
1000,1,0,0,0,8
0,0,0,0,0,8
1000,1,0,0,0,8
0,0,0,0,0,8
1000,1,0,0,0,8
1000,1,0,0,0,8
1000,1,0,0,0,8
1000,1,0,0,0,8
1000,1,0,0,0,8
1000,1,0,0,0,8
1000,1,0,0,0,8
0,0,0,0,0,8
1000,1,0,0,0,8
0,0,0,0,0,8
0,0,0,0,0,8
0,0,0,0,0,8
1000,1,0,0,0,8
0,0,0,0,0,8
0,0,0,0,0,8
0,0,0,0,0,8
1000,1,0,0,0,8
1000,1,0,0,0,8
0,0,0,0,0,8
1000,1,0,0,0,8
1000,1,0,0,0,8
1000,1,0,0,0,8
0,0,0,0,0,8
1000,1,0,0,0,8
1000,1,0,0,0,8
1000,1,0,0,0,8
1000,1,0,0,0,8
0,0,0,0,0,8
1000,1,0,0,0,8
1000,1,0,0,0,8
1000,1,0,0,0,8
1000,1,0,0,0,8
0,0,0,0,0,8
1000,1,0,0,0,8
1000,1,0,0,0,8
1000,1,0,0,0,8
1000,1,0,0,0,8
1000,1,0,0,0,8
1000,1,0,0,0,8
1000,1,0,0,0,8
1000,1,0,0,0,8
1000,1,0,0,0,8
1000,1,0,0,0,8
1000,1,0,0,0,8
1000,1,0,0,0,8
1000,1,0,0,0,8
1000,1,0,0,0,8
0,0,0,0,0,8
1000,1,0,0,0,8
0,0,0,0,0,8
1000,1,0,0,0,8
1000,1,0,0,0,8
500,2,0,0,0,8
1000,1,0,0,0,8
1000,1,0,0,0,8
1000,1,0,0,0,8
1000,1,0,0,0,8
1000,1,0,0,0,8
1000,1,0,0,0,8
1000,1,0,0,0,8
0,0,0,0,0,8
1000,1,0,0,0,8
1000,1,0,0,0,8
0,0,0,0,0,8
0,0,0,0,0,8
1000,1,0,0,0,8
0,0,0,0,0,8
1000,1,0,0,0,8
1000,1,0,0,0,8
0,0,0,0,0,8
1000,1,0,0,0,8
1000,1,0,0,0,8
1000,1,0,0,0,8
0,0,0,0,0,8
0,0,0,0,0,8
1000,1,0,0,0,8
1000,1,0,0,0,8
0,0,0,0,0,8
1000,1,0,0,0,8
1000,1,0,0,0,8
1000,1,0,0,0,8
0,0,0,0,0,8
1000,1,0,0,0,8
1000,1,0,0,0,8
1000,1,302,302,894,8
1000,1,1000,1000,2973,8
1000,1,1796,1796,5361,8
500,2,2601,2601,7791,8
500,2,2619,2619,7857,8
1000,1,3287,3287,9831,8
333,3,4265,4265,12762,8
250,4,4840,4840,14519,8
333,3,5156,5156,15453,8
250,4,6513,6513,19521,8
200,5,7834,7834,23439,8
142,7,9642,9642,28839,8
125,8,10813,10216,31845,8
90,11,12376,10968,35702,8
71,14,13855,11818,39476,8
58,17,15279,12988,43511,8
66,15,15871,12686,44467,8
66,15,15871,11819,43564,8
76,13,15959,11215,43103,8
71,14,17953,12991,48918,8
66,15,18139,11892,48143,8
76,13,19337,12003,50658,8
76,13,19988,10784,50758,8
100,10,19988,9294,49290,8
111,9,19988,7688,47666,8
166,6,19988,5760,45777,8
142,7,19988,4783,44756,8
125,8,19988,4562,44535,8
166,6,19988,4338,44312,8
250,4,19988,3396,43379,8
250,4,19988,2073,42051,8
333,3,19988,924,40905,8
333,3,19988,216,40193,8
500,2,19988,146,40123,8
333,3,19988,81,40058,8
333,3,19988,9,39985,8
333,3,20240,252,40708,8
333,3,21092,1104,43273,8
250,4,21978,1990,45916,8
200,5,22983,2995,48931,8
200,5,23801,3813,51396,8
142,7,24660,4672,53944,8
125,8,25844,5856,57517,8
111,9,27783,7795,63303,8
90,11,29820,9832,69442,8
90,11,31760,11772,75247,8
100,10,33098,13110,79303,8
100,10,33098,12670,78878,8
111,9,33098,11867,78072,8
100,10,33098,10622,76822,8
100,10,33098,9612,75811,8
166,6,33098,8887,75097,8
125,8,33098,7754,73971,8
166,6,33098,6072,72273,8
200,5,33098,4298,70500,8
200,5,33098,2344,68598,8
200,5,33098,1507,67713,8
200,5,33098,1316,67514,8
250,4,33098,1191,67388,8
200,5,33098,1050,67251,8
166,6,33502,1325,68301,8
125,8,34559,2236,71341,8
142,7,35594,3138,74308,8
111,9,36259,3655,76161,8
111,9,37271,4531,79056,8
111,9,37769,4898,80430,8
142,7,37909,4889,80705,8
142,7,38048,4968,81059,8
100,10,38203,5105,81505,8
100,10,38411,5313,82117,8
90,11,38847,5749,83428,8
100,10,39568,5566,84695,8
111,9,39975,5048,85003,8
125,8,39975,4351,84311,8
142,7,40346,3737,84402,8
100,10,41655,4280,87554,8
10,91,43262,5655,92133,8
66,15,45058,7266,97363,8
50,20,46642,8700,101982,8
55,18,47148,9062,103356,8
58,17,48609,10295,107450,8
50,20,49258,10660,109173,8
52,19,49258,9638,108156,8
58,17,49258,9494,108006,8
62,16,49258,9348,107865,8
55,18,49258,8189,106708,8
58,17,49258,7207,105724,8
90,11,49258,5061,103589,8
111,9,49258,3228,101757,8
111,9,49258,2403,100924,8
111,9,49258,1161,99693,8
111,9,49258,22,98538,8
125,8,49788,530,100067,8
90,11,50856,1598,103268,8
90,11,52078,2820,106920,8
66,15,53833,4575,112218,8
52,19,55714,6456,117880,8
45,22,56967,7709,121528,8
50,20,57916,8658,124423,8
38,26,59536,10278,129266,8
37,27,61279,12021,134553,8
34,29,62708,13450,138782,8
31,32,64300,14952,143538,8
33,30,65103,14680,144874,8
35,28,65461,13611,144528,8
40,25,65480,11812,142785,8
20,48,65472,39281,170218,8
20,48,65336,38574,169252,8
25,40,64447,37237,166146,8
25,40,63220,34331,160844,8
30,33,62006,31692,155752,8
32,31,60707,30214,151708,8
21,47,58466,43149,160155,8
17,57,56700,48698,162150,8
17,57,54630,46450,155771,8
18,54,52364,44184,148991,8
21,47,49915,41735,141673,8
15,64,47276,47276,141926,8
17,58,44655,44655,134032,8
18,54,42116,42116,126406,8
18,54,39591,39591,118821,8
16,61,37065,37065,111275,8
19,52,34460,34460,103511,8
18,54,31858,31858,95688,8
20,50,29376,29376,88201,8
28,35,26948,26948,80908,8
31,32,24674,24674,74068,8
33,30,22459,22459,67460,8
35,28,20179,20179,60671,8
38,26,18018,18018,54140,8
47,21,16088,16088,48298,8
50,20,14115,14115,42378,8
55,18,12065,12065,36227,8
66,15,10140,10140,30506,8
66,15,9137,9137,27456,8
76,13,8261,8261,24795,8
100,10,7411,7411,22244,8
111,9,7173,7173,21518,8
125,8,7173,7173,21517,8
111,9,7095,7095,21285,8
100,10,7024,7024,21071,8
142,7,6961,6961,20883,8
111,9,6872,6872,20617,8
111,9,6789,6789,20369,8
142,7,6735,6735,20202,8
125,8,6680,6680,20040,8
100,10,6650,6650,19949,8
0,0,0,0,0,8
1000,1,0,0,0,8
1000,1,0,0,0,8
1000,1,0,0,0,8
1000,1,0,0,0,8
1000,1,0,0,0,8
1000,1,0,0,0,8
0,0,0,0,0,8
0,0,0,0,0,8
1000,1,0,0,0,8
1000,1,0,0,0,8
1000,1,0,0,0,8
0,0,0,0,0,8
0,0,0,0,0,8
1000,1,0,0,0,8
1000,1,0,0,0,8
1000,1,0,0,0,8
1000,1,0,0,0,8
1000,1,0,0,0,8
1000,1,0,0,0,8
1000,1,0,0,0,8
1000,1,0,0,0,8
0,0,0,0,0,8
1000,1,36,0,72,8
1000,1,88,0,176,8
1000,1,112,0,224,8
0,0,136,0,272,8
1000,1,172,0,344,8
0,0,208,0,416,8
1000,1,238,0,476,8
500,2,274,0,548,8
1000,1,322,0,644,8
1000,1,357,0,714,8
1000,1,405,0,810,8
1000,1,479,0,958,8
1000,1,515,0,1030,8
1000,1,550,0,1100,8
1000,1,623,0,1246,8
0,0,697,0,1394,8
1000,1,775,0,1550,8
0,0,835,0,1658,8
1000,1,895,0,1790,8
1000,1,1000,0,2000,8
1000,1,1090,0,2180,8
1000,1,1169,0,2338,8
1000,1,1193,0,2386,8
1000,1,1235,0,2470,8
0,0,1283,0,2554,8
1000,1,1325,0,2650,8
1000,1,1373,0,2746,8
1000,1,1408,0,2816,8
1000,1,1461,0,2922,8
1000,1,1521,0,3042,8
1000,1,1611,0,3222,8
1000,1,1713,0,3426,8
1000,1,1785,0,3570,8
1000,1,1863,0,3726,8
1000,1,1911,0,3810,8
1000,1,1980,0,3960,8
1000,1,2038,0,4076,8
1000,1,2062,0,4124,8
1000,1,2092,0,4184,8
0,0,2176,0,4352,8
1000,1,2236,0,4472,8
1000,1,2323,0,4646,8
1000,1,2443,0,4886,8
1000,1,2532,0,5052,8
1000,1,2622,0,5232,8
1000,1,2712,0,5424,8
1000,1,2807,0,5614,8
1000,1,2864,0,5728,8
1000,1,2864,0,5728,8
1000,1,2864,0,5728,8
1000,1,2864,0,5728,8
1000,1,2864,0,5728,8
1000,1,2864,0,5728,8
1000,1,2864,0,5728,8
0,0,2875,0,5750,8
1000,1,2875,0,5750,8
1000,1,2881,0,5762,8
1000,1,2885,0,5770,8
1000,1,2885,0,5770,8
1000,1,2885,0,5770,8
1000,1,2885,0,5770,8
500,2,2885,0,5770,8
1000,1,2885,0,5770,8
1000,1,2885,0,5770,8
1000,1,2885,0,5770,8
1000,1,2885,0,5770,8
1000,1,2885,0,5770,8
1000,1,2885,0,5770,8
0,0,2921,0,5842,8
1000,1,2921,0,5842,8
1000,1,2957,0,5914,8
1000,1,3038,0,6076,8
1000,1,3065,0,6130,8
1000,1,3067,0,6134,8
500,2,3070,0,6140,8
1000,1,3070,0,6140,8
1000,1,3070,0,6140,8
1000,1,3070,0,6140,8
1000,1,3070,0,6140,8
1000,1,3070,0,6140,8
1000,1,3070,0,6140,8
1000,1,3124,0,6248,8
1000,1,3166,0,6332,8
1000,1,3208,0,6416,8
1000,1,3220,0,6440,8
1000,1,3224,0,6448,8
1000,1,3226,0,6452,8
1000,1,3226,0,6452,8
1000,1,3226,0,6452,8
1000,1,3226,0,6452,8
1000,1,3226,0,6452,8
1000,1,3226,0,6452,8
1000,1,3226,0,6452,8
1000,1,3226,0,6452,8
1000,1,3226,0,6452,8
1000,1,3226,0,6452,8
1000,1,3226,0,6452,8
1000,1,3236,0,6472,8
500,2,3257,0,6514,8
1000,1,3261,0,6522,8
1000,1,3261,0,6522,8
1000,1,3261,0,6522,8
1000,1,3261,0,6522,8
1000,1,3261,0,6522,8
1000,1,3261,0,6522,8
1000,1,3261,0,6522,8
500,2,3261,0,6522,8
500,2,3261,0,6522,8
1000,1,3261,0,6522,8
1000,1,3261,0,6522,8
1000,1,3261,0,6522,8
500,2,3304,0,6608,8
1000,1,3346,0,6692,8
1000,1,3412,0,6824,8
1000,1,3441,0,6882,8
1000,1,3483,0,6954,8
1000,1,3489,0,6978,8
1000,1,3489,0,6978,8
1000,1,3489,0,6978,8
1000,1,3489,0,6978,8
1000,1,3489,0,6978,8
1000,1,3489,0,6978,8
1000,1,3489,0,6978,8
1000,1,3489,0,6978,8
1000,1,3489,0,6978,8
1000,1,3489,0,6978,8
1000,1,3525,0,7050,8
500,2,3543,0,7086,8
1000,1,3573,0,7146,8
1000,1,3603,0,7206,8
1000,1,3651,0,7302,8
1000,1,3687,0,7374,8
1000,1,3723,0,7446,8
1000,1,3771,0,7542,8
1000,1,3813,0,7626,8
1000,1,3861,0,7722,8
1000,1,3907,0,7814,8
1000,1,3931,0,7862,8
1000,1,3954,0,7908,8
1000,1,3972,0,7944,8
1000,1,3972,0,7944,8
1000,1,3972,0,7944,8
500,2,3972,0,7944,8
1000,1,3972,0,7944,8
1000,1,3972,0,7944,8
1000,1,3972,0,7944,8
1000,1,3972,0,7944,8
1000,1,3979,0,7958,8
1000,1,4024,0,8048,8
1000,1,4089,0,8178,8
500,2,4143,0,8286,8
1000,1,4202,0,8404,8
1000,1,4268,0,8524,8
1000,1,4319,0,8638,8
1000,1,4349,0,8698,8
1000,1,4367,0,8734,8
500,2,4379,0,8758,8
16,62,4385,0,8770,8
1000,1,4385,0,8770,8
1000,1,4385,0,8770,8
1000,1,4385,0,8770,8
500,2,4385,0,8770,8
1000,1,4385,0,8770,8
500,2,4385,0,8770,8
1000,1,4385,0,8770,8
1000,1,4385,0,8770,8
1000,1,4385,0,8770,8
500,2,4385,0,8770,8
1000,1,4385,0,8770,8
1000,1,4385,0,8770,8
1000,1,4385,0,8770,8
1000,1,4385,0,8770,8
500,2,4385,0,8770,8
1000,1,4385,0,8770,8
1000,1,4385,0,8770,8
1000,1,4385,0,8770,8
1000,1,4385,0,8770,8
1000,1,4385,0,8770,8
1000,1,4385,0,8770,8
1000,1,4460,0,8920,8
1000,1,4524,0,9048,8
1000,1,4629,0,9258,8
1000,1,4711,0,9422,8
1000,1,4801,0,9602,8
1000,1,4921,0,9830,8
1000,1,5041,0,10082,8
1000,1,5207,0,10414,8
1000,1,5351,0,10702,8
1000,1,5537,0,11062,8
1000,1,5708,0,11416,8
1000,1,5872,0,11744,8
1000,1,6026,0,12040,8
1000,1,6151,0,12302,8
500,2,6151,0,12302,8
1000,1,6151,0,12302,8
1000,1,6151,0,12302,8
1000,1,6151,0,12302,8
333,3,6151,0,12302,8
1000,1,6151,0,12302,8
1000,1,6151,0,12302,8
1000,1,6151,0,12302,8
1000,1,6151,0,12302,8
500,2,6503,352,13349,8
1000,1,6838,687,14354,8
1000,1,7095,944,15128,8
500,2,7279,1128,15683,8
1000,1,7492,1341,16319,8
500,2,7552,1401,16505,8
500,2,7552,1401,16505,8
1000,1,7552,1401,16505,8
500,2,7552,1401,16505,8
500,2,7552,1401,16505,8
500,2,7552,1199,16303,8
1000,1,7552,810,15918,8
1000,1,7552,550,15654,8
1000,1,7552,339,15448,8
500,2,7552,183,15288,8
1000,1,7552,32,15137,8
1000,1,7552,0,15104,8
500,2,7552,0,15104,8
500,2,7552,0,15104,8
1000,1,7552,0,15104,8
1000,1,7552,0,15104,8
1000,1,7552,0,15104,8
500,2,7552,0,15104,8
1000,1,7693,17,15400,8
500,2,7730,299,15759,8
333,3,7760,1459,20594,8
500,2,7736,1432,19465,8
500,2,7646,1471,20632,8
500,2,7552,1401,16505,8
500,2,7552,1401,16505,8
500,2,7552,1401,16505,8
1000,1,7552,1401,16505,8
1000,1,7552,1401,16505,8
500,2,7683,1532,16871,8
500,2,8037,1886,17954,8
333,3,8266,2115,18641,8
333,3,8472,2321,19259,8
333,3,8694,2543,19919,8
500,2,8999,1447,19436,8
333,3,9285,1733,20294,8
333,3,9548,1996,21077,8
333,3,9796,2244,21833,8
250,4,9943,2391,22274,8
250,4,10088,2531,22707,8
333,3,10246,2587,23073,8
250,4,10389,2627,23402,8
250,4,10537,2672,23743,8
200,5,10689,2711,24088,8
250,4,10833,2757,24426,8
250,4,11013,2820,24840,8
333,3,11053,2768,24876,8
250,4,11103,2693,24899,8
333,3,11210,2694,25109,8
250,4,11346,2658,25347,8
333,3,11472,2690,25631,8
333,3,11602,2656,25861,8
250,4,11707,2629,26037,8
250,4,11843,2597,26278,8
250,4,11974,2598,26546,8
250,4,12090,2588,26765,8
250,4,12202,2554,26960,8
250,4,12311,2582,27204,8
200,5,12421,2589,27428,8
250,4,12698,2755,28150,8
200,5,12935,2877,28733,8
250,4,13153,2996,29293,8
200,5,13350,3085,29779,8
250,4,13570,3226,30360,8
250,4,13782,3305,30867,8
200,5,13968,3426,31356,8
200,5,14160,3535,31849,8
166,6,14386,3639,32402,8
200,5,14588,3743,32913,8
166,6,14707,3770,33178,8
142,7,15139,4065,34325,8
142,7,15654,4379,35682,8
142,7,15848,4505,36192,8
166,6,15947,4527,36418,8
166,6,16109,4585,36800,8
166,6,16220,4579,37021,8
16,61,16376,4553,37299,8
125,8,16549,4615,37711,8
166,6,16799,4727,38316,8
125,8,16835,4621,38291,8
142,7,16830,5826,39486,8
125,8,16818,5648,39288,8
111,9,17433,6049,40907,8
125,8,17788,6208,41779,8
125,8,18077,6268,42412,8
111,9,18291,6372,42948,8
125,8,18462,6252,43180,8
142,7,18628,6162,43412,8
125,8,18785,6012,43584,8
125,8,18940,5959,43833,8
166,6,19112,5810,44033,8
142,7,19112,4276,42500,8
142,7,19112,4019,42243,8
142,7,19112,3696,41920,8
142,7,19112,3477,41703,8
166,6,19112,3305,41530,8
166,6,19112,3021,41247,8
142,7,19112,2879,41104,8
142,7,19105,4240,42449,8
100,10,18987,4479,50412,8
83,12,18826,4482,42137,8
90,11,18643,4304,49238,8
90,11,18500,4138,48753,8
166,6,18387,3984,40758,8
166,6,18373,3954,40700,8
142,7,18373,3943,40693,8
142,7,18373,3941,40687,8
142,7,18361,3847,40569,8
142,7,18332,3860,40524,8
125,8,18288,4171,40746,8
142,7,18288,4108,40687,8
83,12,18239,4205,47731,8
142,7,18183,4168,40536,8
142,7,18183,4035,40400,8
125,8,18183,4032,40398,8
76,13,18139,3879,40162,8
166,6,18074,3981,40129,8
125,8,18074,3960,40107,8
90,11,18010,3864,39887,8
142,7,17938,3812,39688,8
166,6,17938,3688,39564,8
142,7,17938,3592,39468,8
166,6,17938,3497,39371,8
166,6,17938,3464,39340,8
200,5,17938,3429,39305,8
142,7,17938,3393,39269,8
200,5,17938,3054,38930,8
142,7,18516,3533,40517,8
111,9,20257,5271,47773,8
142,7,20395,5219,48226,8
111,9,21618,6164,51832,8
100,10,20442,5201,51077,8
111,9,20303,5005,47991,8
142,7,18945,2998,40859,8
71,14,20522,4577,56591,8
66,15,21543,4931,54821,8
66,15,21899,5948,60456,8
166,6,20683,5039,47286,8
142,7,19694,3981,45746,8
142,7,19744,3787,48709,8
125,8,19480,3514,47988,8
111,9,19430,3482,47884,8
200,5,19405,3369,44629,8
111,9,19574,3404,48023,8
166,6,19779,3228,45306,8
142,7,20195,3267,49890,8
111,9,20934,3698,52141,8
100,10,21339,3609,52807,8
111,9,20730,3536,47597,8
125,8,21844,4284,54366,8
142,7,21397,3964,49656,8
200,5,21419,3497,47660,8
125,8,20848,3648,51734,8
166,6,18991,1809,42418,8
111,9,19422,2013,47487,8
111,9,19268,1417,50366,8
62,16,19579,1801,55503,8
76,13,19021,1453,53770,8
76,13,18312,1040,51307,8
250,4,17938,831,36707,8
333,3,17938,814,36690,8
333,3,17938,814,36690,8
200,5,17938,814,36690,8
333,3,17938,814,36690,8
250,4,17938,814,36690,8
333,3,18191,985,37350,8
90,11,19269,1488,52264,8
